





























64.3986,
66.4528,
59.7076,
66.167,
63.0188,
66.7633,
66.1232,
65.7537,
67.3933,
64.3158,
66.8079,
67.7127,
66.167,
60.1024,
67.5754,
67.9427,
65.6242,
61.9069,
69.2603,
60.1024,
59.9762,
64.7321,
65.9488,
64.1096,
63.5394,
67.7586,
62.1957,
66.497,
65.4096,
66.875,
64.3986,
66.4528,
59.7076,
66.167,
63.0188,
66.7633,
66.1232,
65.7537,
67.3933,
64.3158,
66.8079,
67.7127,
66.167,
60.1024,
67.5754,
67.9427,
65.6242,
61.9069,
69.2603,
60.1024,
59.9762,
64.7321,
65.9488,
64.1096,
63.5394,
67.7586,
62.1957,
66.497,
65.4096,
66.875,
64.3986,69.9068,
66.4528,69.9068,
59.7076,65.1264,
66.167,68.506,
63.0188,68.424,
66.7633,68.9191,
66.1232,69.919,
65.7537,69.9068,
67.3933,71.3279,
64.3158,69.4697,
66.8079,71.4043,
67.7127,70.2999,
66.167,69.3613,
60.1024,66.0512,
67.5754,69.7362,
67.9427,72.7815,
65.6242,70.1274,
61.9069,66.2372,
69.2603,70.9232,
60.1024,67.0252,
59.9762,65.8013,
64.7321,69.2292,
65.9488,68.5765,
64.1096,68.3071,
63.5394,67.0701,
67.7586,71.4298,
62.1957,66.9355,
66.497,71.3279,
65.4096,69.4215,
66.875,69.8458,
64.3986,69.9068,
66.4528,69.9068,
59.7076,65.1264,
66.167,68.506,
63.0188,68.424,
66.7633,68.9191,
66.1232,69.919,
65.7537,69.9068,
67.3933,71.3279,
64.3158,69.4697,
66.8079,71.4043,
67.7127,70.2999,
66.167,69.3613,
60.1024,66.0512,
67.5754,69.7362,
67.9427,72.7815,
65.6242,70.1274,
61.9069,66.2372,
69.2603,70.9232,
60.1024,67.0252,
59.9762,65.8013,
64.7321,69.2292,
65.9488,68.5765,
64.1096,68.3071,
63.5394,67.0701,
67.7586,71.4298,
62.1957,66.9355,
66.497,71.3279,
65.4096,69.4215,
66.875,69.8458,
64.3986,69.9068,71.4783,
66.4528,69.9068,71.0046,
59.7076,65.1264,68.4451,
66.167,68.506,70.3634,
63.0188,68.424,69.8474,
66.7633,68.9191,70.1906,
66.1232,69.919,70.4792,
65.7537,69.9068,70.8035,
67.3933,71.3279,72.7435,
64.3158,69.4697,70.0431,
66.8079,71.4043,73.51,
67.7127,70.2999,71.6148,
66.167,69.3613,70.562,
60.1024,66.0512,68.4919,
67.5754,69.7362,71.2238,
67.9427,72.7815,73.9631,
65.6242,70.1274,70.6867,
61.9069,66.2372,68.6251,
69.2603,70.9232,71.9756,
60.1024,67.0252,69.9614,
59.9762,65.8013,68.0646,
64.7321,69.2292,71.2069,
65.9488,68.5765,69.564,
64.1096,68.3071,68.8693,
63.5394,67.0701,68.8377,
67.7586,71.4298,72.1834,
62.1957,66.9355,69.7013,
66.497,71.3279,71.9066,
65.4096,69.4215,68.7903,
66.875,69.8458,70.7618,
64.3986,69.9068,71.4783,
66.4528,69.9068,71.0046,
59.7076,65.1264,68.4451,
66.167,68.506,70.3634,
63.0188,68.424,69.8474,
66.7633,68.9191,70.1906,
66.1232,69.919,70.4792,
65.7537,69.9068,70.8035,
67.3933,71.3279,72.7435,
64.3158,69.4697,70.0431,
66.8079,71.4043,73.51,
67.7127,70.2999,71.6148,
66.167,69.3613,70.562,
60.1024,66.0512,68.4919,
67.5754,69.7362,71.2238,
67.9427,72.7815,73.9631,
65.6242,70.1274,70.6867,
61.9069,66.2372,68.6251,
69.2603,70.9232,71.9756,
60.1024,67.0252,69.9614,
59.9762,65.8013,68.0646,
64.7321,69.2292,71.2069,
65.9488,68.5765,69.564,
64.1096,68.3071,68.8693,
63.5394,67.0701,68.8377,
67.7586,71.4298,72.1834,
62.1957,66.9355,69.7013,
66.497,71.3279,71.9066,
65.4096,69.4215,68.7903,
66.875,69.8458,70.7618,
64.3986,69.9068,71.4783,72.1865,
66.4528,69.9068,71.0046,72.1865,
59.7076,65.1264,68.4451,69.2616,
66.167,68.506,70.3634,70.9257,
63.0188,68.424,69.8474,70.8817,
66.7633,68.9191,70.1906,71.0959,
66.1232,69.919,70.4792,71.9334,
65.7537,69.9068,70.8035,71.772,
67.3933,71.3279,72.7435,73.798,
64.3158,69.4697,70.0431,71.5922,
66.8079,71.4043,73.51,73.2439,
67.7127,70.2999,71.6148,71.9787,
66.167,69.3613,70.562,70.7751,
60.1024,66.0512,68.4919,69.8299,
67.5754,69.7362,71.2238,71.477,
67.9427,72.7815,73.9631,73.9617,
65.6242,70.1274,70.6867,71.1718,
61.9069,66.2372,68.6251,69.3036,
69.2603,70.9232,71.9756,72.4611,
60.1024,67.0252,69.9614,70.6189,
59.9762,65.8013,68.0646,68.9691,
64.7321,69.2292,71.2069,72.2909,
65.9488,68.5765,69.564,70.7626,
64.1096,68.3071,68.8693,70.3705,
63.5394,67.0701,68.8377,70.2963,
67.7586,71.4298,72.1834,72.7775,
62.1957,66.9355,69.7013,70.7689,
66.497,71.3279,71.9066,73.4727,
65.4096,69.4215,68.7903,69.769,
66.875,69.8458,70.7618,71.3814,
64.3986,69.9068,71.4783,72.1865,
66.4528,69.9068,71.0046,72.1865,
59.7076,65.1264,68.4451,69.2616,
66.167,68.506,70.3634,70.9257,
63.0188,68.424,69.8474,70.8817,
66.7633,68.9191,70.1906,71.0959,
66.1232,69.919,70.4792,71.9334,
65.7537,69.9068,70.8035,71.772,
67.3933,71.3279,72.7435,73.798,
64.3158,69.4697,70.0431,71.5922,
66.8079,71.4043,73.51,73.2439,
67.7127,70.2999,71.6148,71.9787,
66.167,69.3613,70.562,70.7751,
60.1024,66.0512,68.4919,69.8299,
67.5754,69.7362,71.2238,71.477,
67.9427,72.7815,73.9631,73.9617,
65.6242,70.1274,70.6867,71.1718,
61.9069,66.2372,68.6251,69.3036,
69.2603,70.9232,71.9756,72.4611,
60.1024,67.0252,69.9614,70.6189,
59.9762,65.8013,68.0646,68.9691,
64.7321,69.2292,71.2069,72.2909,
65.9488,68.5765,69.564,70.7626,
64.1096,68.3071,68.8693,70.3705,
63.5394,67.0701,68.8377,70.2963,
67.7586,71.4298,72.1834,72.7775,
62.1957,66.9355,69.7013,70.7689,
66.497,71.3279,71.9066,73.4727,
65.4096,69.4215,68.7903,69.769,
66.875,69.8458,70.7618,71.3814,
64.3986,69.9068,71.4783,72.1865,72.2405,
66.4528,69.9068,71.0046,72.1865,71.908,
59.7076,65.1264,68.4451,69.2616,69.7221,
66.167,68.506,70.3634,70.9257,71.3488,
63.0188,68.424,69.8474,70.8817,71.6812,
66.7633,68.9191,70.1906,71.0959,71.8151,
66.1232,69.919,70.4792,71.9334,71.8305,
65.7537,69.9068,70.8035,71.772,72.0323,
67.3933,71.3279,72.7435,73.798,74.2244,
64.3158,69.4697,70.0431,71.5922,71.846,
66.8079,71.4043,73.51,73.2439,73.8626,
67.7127,70.2999,71.6148,71.9787,72.3659,
66.167,69.3613,70.562,70.7751,71.635,
60.1024,66.0512,68.4919,69.8299,70.3796,
67.5754,69.7362,71.2238,71.477,72.1675,
67.9427,72.7815,73.9631,73.9617,73.5692,
65.6242,70.1274,70.6867,71.1718,72.2509,
61.9069,66.2372,68.6251,69.3036,70.069,
69.2603,70.9232,71.9756,72.4611,73.3533,
60.1024,67.0252,69.9614,70.6189,71.1812,
59.9762,65.8013,68.0646,68.9691,70.1476,
64.7321,69.2292,71.2069,72.2909,72.745,
65.9488,68.5765,69.564,70.7626,71.9546,
64.1096,68.3071,68.8693,70.3705,70.7381,
63.5394,67.0701,68.8377,70.2963,71.3234,
67.7586,71.4298,72.1834,72.7775,72.2927,
62.1957,66.9355,69.7013,70.7689,71.4252,
66.497,71.3279,71.9066,73.4727,73.6993,
65.4096,69.4215,68.7903,69.769,70.3697,
66.875,69.8458,70.7618,71.3814,71.8822,
64.3986,69.9068,71.4783,72.1865,72.2405,
66.4528,69.9068,71.0046,72.1865,71.908,
59.7076,65.1264,68.4451,69.2616,69.7221,
66.167,68.506,70.3634,70.9257,71.3488,
63.0188,68.424,69.8474,70.8817,71.6812,
66.7633,68.9191,70.1906,71.0959,71.8151,
66.1232,69.919,70.4792,71.9334,71.8305,
65.7537,69.9068,70.8035,71.772,72.0323,
67.3933,71.3279,72.7435,73.798,74.2244,
64.3158,69.4697,70.0431,71.5922,71.846,
66.8079,71.4043,73.51,73.2439,73.8626,
67.7127,70.2999,71.6148,71.9787,72.3659,
66.167,69.3613,70.562,70.7751,71.635,
60.1024,66.0512,68.4919,69.8299,70.3796,
67.5754,69.7362,71.2238,71.477,72.1675,
67.9427,72.7815,73.9631,73.9617,73.5692,
65.6242,70.1274,70.6867,71.1718,72.2509,
61.9069,66.2372,68.6251,69.3036,70.069,
69.2603,70.9232,71.9756,72.4611,73.3533,
60.1024,67.0252,69.9614,70.6189,71.1812,
59.9762,65.8013,68.0646,68.9691,70.1476,
64.7321,69.2292,71.2069,72.2909,72.745,
65.9488,68.5765,69.564,70.7626,71.9546,
64.1096,68.3071,68.8693,70.3705,70.7381,
63.5394,67.0701,68.8377,70.2963,71.3234,
67.7586,71.4298,72.1834,72.7775,72.2927,
62.1957,66.9355,69.7013,70.7689,71.4252,
66.497,71.3279,71.9066,73.4727,73.6993,
65.4096,69.4215,68.7903,69.769,70.3697,
66.875,69.8458,70.7618,71.3814,71.8822,
64.3986,69.9068,71.4783,72.1865,72.2405,72.6969,
66.4528,69.9068,71.0046,72.1865,71.908,72.2069,
59.7076,65.1264,68.4451,69.2616,69.7221,69.9345,
66.167,68.506,70.3634,70.9257,71.3488,72.0465,
63.0188,68.424,69.8474,70.8817,71.6812,72.1896,
66.7633,68.9191,70.1906,71.0959,71.8151,72.5124,
66.1232,69.919,70.4792,71.9334,71.8305,72.7013,
65.7537,69.9068,70.8035,71.772,72.0323,72.3462,
67.3933,71.3279,72.7435,73.798,74.2244,73.9969,
64.3158,69.4697,70.0431,71.5922,71.846,72.1548,
66.8079,71.4043,73.51,73.2439,73.8626,73.6246,
67.7127,70.2999,71.6148,71.9787,72.3659,72.5913,
66.167,69.3613,70.562,70.7751,71.635,71.7021,
60.1024,66.0512,68.4919,69.8299,70.3796,70.8178,
67.5754,69.7362,71.2238,71.477,72.1675,72.8115,
67.9427,72.7815,73.9631,73.9617,73.5692,73.5253,
65.6242,70.1274,70.6867,71.1718,72.2509,72.1462,
61.9069,66.2372,68.6251,69.3036,70.069,70.3239,
69.2603,70.9232,71.9756,72.4611,73.3533,74.1065,
60.1024,67.0252,69.9614,70.6189,71.1812,71.8696,
59.9762,65.8013,68.0646,68.9691,70.1476,70.9895,
64.7321,69.2292,71.2069,72.2909,72.745,72.8381,
65.9488,68.5765,69.564,70.7626,71.9546,72.0379,
64.1096,68.3071,68.8693,70.3705,70.7381,71.0862,
63.5394,67.0701,68.8377,70.2963,71.3234,72.3375,
67.7586,71.4298,72.1834,72.7775,72.2927,72.3201,
62.1957,66.9355,69.7013,70.7689,71.4252,71.8008,
66.497,71.3279,71.9066,73.4727,73.6993,73.4893,
65.4096,69.4215,68.7903,69.769,70.3697,70.776,
66.875,69.8458,70.7618,71.3814,71.8822,72.3593,
64.3986,69.9068,71.4783,72.1865,72.2405,72.6969,
66.4528,69.9068,71.0046,72.1865,71.908,72.2069,
59.7076,65.1264,68.4451,69.2616,69.7221,69.9345,
66.167,68.506,70.3634,70.9257,71.3488,72.0465,
63.0188,68.424,69.8474,70.8817,71.6812,72.1896,
66.7633,68.9191,70.1906,71.0959,71.8151,72.5124,
66.1232,69.919,70.4792,71.9334,71.8305,72.7013,
65.7537,69.9068,70.8035,71.772,72.0323,72.3462,
67.3933,71.3279,72.7435,73.798,74.2244,73.9969,
64.3158,69.4697,70.0431,71.5922,71.846,72.1548,
66.8079,71.4043,73.51,73.2439,73.8626,73.6246,
67.7127,70.2999,71.6148,71.9787,72.3659,72.5913,
66.167,69.3613,70.562,70.7751,71.635,71.7021,
60.1024,66.0512,68.4919,69.8299,70.3796,70.8178,
67.5754,69.7362,71.2238,71.477,72.1675,72.8115,
67.9427,72.7815,73.9631,73.9617,73.5692,73.5253,
65.6242,70.1274,70.6867,71.1718,72.2509,72.1462,
61.9069,66.2372,68.6251,69.3036,70.069,70.3239,
69.2603,70.9232,71.9756,72.4611,73.3533,74.1065,
60.1024,67.0252,69.9614,70.6189,71.1812,71.8696,
59.9762,65.8013,68.0646,68.9691,70.1476,70.9895,
64.7321,69.2292,71.2069,72.2909,72.745,72.8381,
65.9488,68.5765,69.564,70.7626,71.9546,72.0379,
64.1096,68.3071,68.8693,70.3705,70.7381,71.0862,
63.5394,67.0701,68.8377,70.2963,71.3234,72.3375,
67.7586,71.4298,72.1834,72.7775,72.2927,72.3201,
62.1957,66.9355,69.7013,70.7689,71.4252,71.8008,
66.497,71.3279,71.9066,73.4727,73.6993,73.4893,
65.4096,69.4215,68.7903,69.769,70.3697,70.776,
66.875,69.8458,70.7618,71.3814,71.8822,72.3593,
64.3986,69.9068,71.4783,72.1865,72.2405,72.6969,72.9047,
66.4528,69.9068,71.0046,72.1865,71.908,72.2069,72.1532,
59.7076,65.1264,68.4451,69.2616,69.7221,69.9345,69.975,
66.167,68.506,70.3634,70.9257,71.3488,72.0465,71.9567,
63.0188,68.424,69.8474,70.8817,71.6812,72.1896,72.1979,
66.7633,68.9191,70.1906,71.0959,71.8151,72.5124,72.5045,
66.1232,69.919,70.4792,71.9334,71.8305,72.7013,72.8781,
65.7537,69.9068,70.8035,71.772,72.0323,72.3462,72.9351,
67.3933,71.3279,72.7435,73.798,74.2244,73.9969,73.3708,
64.3158,69.4697,70.0431,71.5922,71.846,72.1548,72.7078,
66.8079,71.4043,73.51,73.2439,73.8626,73.6246,73.5481,
67.7127,70.2999,71.6148,71.9787,72.3659,72.5913,72.8137,
66.167,69.3613,70.562,70.7751,71.635,71.7021,72.6738,
60.1024,66.0512,68.4919,69.8299,70.3796,70.8178,71.134,
67.5754,69.7362,71.2238,71.477,72.1675,72.8115,72.9427,
67.9427,72.7815,73.9631,73.9617,73.5692,73.5253,73.6178,
65.6242,70.1274,70.6867,71.1718,72.2509,72.1462,72.1607,
61.9069,66.2372,68.6251,69.3036,70.069,70.3239,70.422,
69.2603,70.9232,71.9756,72.4611,73.3533,74.1065,74.4635,
60.1024,67.0252,69.9614,70.6189,71.1812,71.8696,71.4827,
59.9762,65.8013,68.0646,68.9691,70.1476,70.9895,71.4864,
64.7321,69.2292,71.2069,72.2909,72.745,72.8381,73.1485,
65.9488,68.5765,69.564,70.7626,71.9546,72.0379,72.5759,
64.1096,68.3071,68.8693,70.3705,70.7381,71.0862,71.2209,
63.5394,67.0701,68.8377,70.2963,71.3234,72.3375,72.3845,
67.7586,71.4298,72.1834,72.7775,72.2927,72.3201,72.25,
62.1957,66.9355,69.7013,70.7689,71.4252,71.8008,72.0122,
66.497,71.3279,71.9066,73.4727,73.6993,73.4893,73.5559,
65.4096,69.4215,68.7903,69.769,70.3697,70.776,71.069,
66.875,69.8458,70.7618,71.3814,71.8822,72.3593,72.5533,
64.3986,69.9068,71.4783,72.1865,72.2405,72.6969,72.9047,
66.4528,69.9068,71.0046,72.1865,71.908,72.2069,72.1532,
59.7076,65.1264,68.4451,69.2616,69.7221,69.9345,69.975,
66.167,68.506,70.3634,70.9257,71.3488,72.0465,71.9567,
63.0188,68.424,69.8474,70.8817,71.6812,72.1896,72.1979,
66.7633,68.9191,70.1906,71.0959,71.8151,72.5124,72.5045,
66.1232,69.919,70.4792,71.9334,71.8305,72.7013,72.8781,
65.7537,69.9068,70.8035,71.772,72.0323,72.3462,72.9351,
67.3933,71.3279,72.7435,73.798,74.2244,73.9969,73.3708,
64.3158,69.4697,70.0431,71.5922,71.846,72.1548,72.7078,
66.8079,71.4043,73.51,73.2439,73.8626,73.6246,73.5481,
67.7127,70.2999,71.6148,71.9787,72.3659,72.5913,72.8137,
66.167,69.3613,70.562,70.7751,71.635,71.7021,72.6738,
60.1024,66.0512,68.4919,69.8299,70.3796,70.8178,71.134,
67.5754,69.7362,71.2238,71.477,72.1675,72.8115,72.9427,
67.9427,72.7815,73.9631,73.9617,73.5692,73.5253,73.6178,
65.6242,70.1274,70.6867,71.1718,72.2509,72.1462,72.1607,
61.9069,66.2372,68.6251,69.3036,70.069,70.3239,70.422,
69.2603,70.9232,71.9756,72.4611,73.3533,74.1065,74.4635,
60.1024,67.0252,69.9614,70.6189,71.1812,71.8696,71.4827,
59.9762,65.8013,68.0646,68.9691,70.1476,70.9895,71.4864,
64.7321,69.2292,71.2069,72.2909,72.745,72.8381,73.1485,
65.9488,68.5765,69.564,70.7626,71.9546,72.0379,72.5759,
64.1096,68.3071,68.8693,70.3705,70.7381,71.0862,71.2209,
63.5394,67.0701,68.8377,70.2963,71.3234,72.3375,72.3845,
67.7586,71.4298,72.1834,72.7775,72.2927,72.3201,72.25,
62.1957,66.9355,69.7013,70.7689,71.4252,71.8008,72.0122,
66.497,71.3279,71.9066,73.4727,73.6993,73.4893,73.5559,
65.4096,69.4215,68.7903,69.769,70.3697,70.776,71.069,
66.875,69.8458,70.7618,71.3814,71.8822,72.3593,72.5533,
64.3986,69.9068,71.4783,72.1865,72.2405,72.6969,72.9047,72.9016,
66.4528,69.9068,71.0046,72.1865,71.908,72.2069,72.1532,72.113,
59.7076,65.1264,68.4451,69.2616,69.7221,69.9345,69.975,70.7482,
66.167,68.506,70.3634,70.9257,71.3488,72.0465,71.9567,72.4362,
63.0188,68.424,69.8474,70.8817,71.6812,72.1896,72.1979,72.126,
66.7633,68.9191,70.1906,71.0959,71.8151,72.5124,72.5045,72.7359,
66.1232,69.919,70.4792,71.9334,71.8305,72.7013,72.8781,72.6137,
65.7537,69.9068,70.8035,71.772,72.0323,72.3462,72.9351,73.008,
67.3933,71.3279,72.7435,73.798,74.2244,73.9969,73.3708,73.2017,
64.3158,69.4697,70.0431,71.5922,71.846,72.1548,72.7078,72.5709,
66.8079,71.4043,73.51,73.2439,73.8626,73.6246,73.5481,73.2487,
67.7127,70.2999,71.6148,71.9787,72.3659,72.5913,72.8137,72.9814,
66.167,69.3613,70.562,70.7751,71.635,71.7021,72.6738,72.8584,
60.1024,66.0512,68.4919,69.8299,70.3796,70.8178,71.134,71.2206,
67.5754,69.7362,71.2238,71.477,72.1675,72.8115,72.9427,73.1482,
67.9427,72.7815,73.9631,73.9617,73.5692,73.5253,73.6178,73.6872,
65.6242,70.1274,70.6867,71.1718,72.2509,72.1462,72.1607,72.3805,
61.9069,66.2372,68.6251,69.3036,70.069,70.3239,70.422,70.9711,
69.2603,70.9232,71.9756,72.4611,73.3533,74.1065,74.4635,75.0138,
60.1024,67.0252,69.9614,70.6189,71.1812,71.8696,71.4827,71.912,
59.9762,65.8013,68.0646,68.9691,70.1476,70.9895,71.4864,71.5807,
64.7321,69.2292,71.2069,72.2909,72.745,72.8381,73.1485,73.8436,
65.9488,68.5765,69.564,70.7626,71.9546,72.0379,72.5759,72.3772,
64.1096,68.3071,68.8693,70.3705,70.7381,71.0862,71.2209,71.6287,
63.5394,67.0701,68.8377,70.2963,71.3234,72.3375,72.3845,72.4723,
67.7586,71.4298,72.1834,72.7775,72.2927,72.3201,72.25,72.6962,
62.1957,66.9355,69.7013,70.7689,71.4252,71.8008,72.0122,72.1195,
66.497,71.3279,71.9066,73.4727,73.6993,73.4893,73.5559,73.5517,
65.4096,69.4215,68.7903,69.769,70.3697,70.776,71.069,71.0372,
66.875,69.8458,70.7618,71.3814,71.8822,72.3593,72.5533,72.0189,
64.3986,69.9068,71.4783,72.1865,72.2405,72.6969,72.9047,72.9016,
66.4528,69.9068,71.0046,72.1865,71.908,72.2069,72.1532,72.113,
59.7076,65.1264,68.4451,69.2616,69.7221,69.9345,69.975,70.7482,
66.167,68.506,70.3634,70.9257,71.3488,72.0465,71.9567,72.4362,
63.0188,68.424,69.8474,70.8817,71.6812,72.1896,72.1979,72.126,
66.7633,68.9191,70.1906,71.0959,71.8151,72.5124,72.5045,72.7359,
66.1232,69.919,70.4792,71.9334,71.8305,72.7013,72.8781,72.6137,
65.7537,69.9068,70.8035,71.772,72.0323,72.3462,72.9351,73.008,
67.3933,71.3279,72.7435,73.798,74.2244,73.9969,73.3708,73.2017,
64.3158,69.4697,70.0431,71.5922,71.846,72.1548,72.7078,72.5709,
66.8079,71.4043,73.51,73.2439,73.8626,73.6246,73.5481,73.2487,
67.7127,70.2999,71.6148,71.9787,72.3659,72.5913,72.8137,72.9814,
66.167,69.3613,70.562,70.7751,71.635,71.7021,72.6738,72.8584,
60.1024,66.0512,68.4919,69.8299,70.3796,70.8178,71.134,71.2206,
67.5754,69.7362,71.2238,71.477,72.1675,72.8115,72.9427,73.1482,
67.9427,72.7815,73.9631,73.9617,73.5692,73.5253,73.6178,73.6872,
65.6242,70.1274,70.6867,71.1718,72.2509,72.1462,72.1607,72.3805,
61.9069,66.2372,68.6251,69.3036,70.069,70.3239,70.422,70.9711,
69.2603,70.9232,71.9756,72.4611,73.3533,74.1065,74.4635,75.0138,
60.1024,67.0252,69.9614,70.6189,71.1812,71.8696,71.4827,71.912,
59.9762,65.8013,68.0646,68.9691,70.1476,70.9895,71.4864,71.5807,
64.7321,69.2292,71.2069,72.2909,72.745,72.8381,73.1485,73.8436,
65.9488,68.5765,69.564,70.7626,71.9546,72.0379,72.5759,72.3772,
64.1096,68.3071,68.8693,70.3705,70.7381,71.0862,71.2209,71.6287,
63.5394,67.0701,68.8377,70.2963,71.3234,72.3375,72.3845,72.4723,
67.7586,71.4298,72.1834,72.7775,72.2927,72.3201,72.25,72.6962,
62.1957,66.9355,69.7013,70.7689,71.4252,71.8008,72.0122,72.1195,
66.497,71.3279,71.9066,73.4727,73.6993,73.4893,73.5559,73.5517,
65.4096,69.4215,68.7903,69.769,70.3697,70.776,71.069,71.0372,
66.875,69.8458,70.7618,71.3814,71.8822,72.3593,72.5533,72.0189,
64.3986,69.9068,71.4783,72.1865,72.2405,72.6969,72.9047,72.9016,73.1599,
66.4528,69.9068,71.0046,72.1865,71.908,72.2069,72.1532,72.113,71.8057,
59.7076,65.1264,68.4451,69.2616,69.7221,69.9345,69.975,70.7482,71.0461,
66.167,68.506,70.3634,70.9257,71.3488,72.0465,71.9567,72.4362,72.4619,
63.0188,68.424,69.8474,70.8817,71.6812,72.1896,72.1979,72.126,71.909,
66.7633,68.9191,70.1906,71.0959,71.8151,72.5124,72.5045,72.7359,73.2969,
66.1232,69.919,70.4792,71.9334,71.8305,72.7013,72.8781,72.6137,72.8077,
65.7537,69.9068,70.8035,71.772,72.0323,72.3462,72.9351,73.008,73.0411,
67.3933,71.3279,72.7435,73.798,74.2244,73.9969,73.3708,73.2017,73.3327,
64.3158,69.4697,70.0431,71.5922,71.846,72.1548,72.7078,72.5709,72.3716,
66.8079,71.4043,73.51,73.2439,73.8626,73.6246,73.5481,73.2487,73.1599,
67.7127,70.2999,71.6148,71.9787,72.3659,72.5913,72.8137,72.9814,73.0648,
66.167,69.3613,70.562,70.7751,71.635,71.7021,72.6738,72.8584,73.05,
60.1024,66.0512,68.4919,69.8299,70.3796,70.8178,71.134,71.2206,71.6742,
67.5754,69.7362,71.2238,71.477,72.1675,72.8115,72.9427,73.1482,73.3089,
67.9427,72.7815,73.9631,73.9617,73.5692,73.5253,73.6178,73.6872,73.0471,
65.6242,70.1274,70.6867,71.1718,72.2509,72.1462,72.1607,72.3805,72.8578,
61.9069,66.2372,68.6251,69.3036,70.069,70.3239,70.422,70.9711,71.3588,
69.2603,70.9232,71.9756,72.4611,73.3533,74.1065,74.4635,75.0138,74.9199,
60.1024,67.0252,69.9614,70.6189,71.1812,71.8696,71.4827,71.912,72.1106,
59.9762,65.8013,68.0646,68.9691,70.1476,70.9895,71.4864,71.5807,71.9521,
64.7321,69.2292,71.2069,72.2909,72.745,72.8381,73.1485,73.8436,73.7595,
65.9488,68.5765,69.564,70.7626,71.9546,72.0379,72.5759,72.3772,72.2235,
64.1096,68.3071,68.8693,70.3705,70.7381,71.0862,71.2209,71.6287,71.583,
63.5394,67.0701,68.8377,70.2963,71.3234,72.3375,72.3845,72.4723,72.424,
67.7586,71.4298,72.1834,72.7775,72.2927,72.3201,72.25,72.6962,72.5056,
62.1957,66.9355,69.7013,70.7689,71.4252,71.8008,72.0122,72.1195,72.3425,
66.497,71.3279,71.9066,73.4727,73.6993,73.4893,73.5559,73.5517,73.285,
65.4096,69.4215,68.7903,69.769,70.3697,70.776,71.069,71.0372,71.3956,
66.875,69.8458,70.7618,71.3814,71.8822,72.3593,72.5533,72.0189,72.2989,
64.3986,69.9068,71.4783,72.1865,72.2405,72.6969,72.9047,72.9016,73.1599,
66.4528,69.9068,71.0046,72.1865,71.908,72.2069,72.1532,72.113,71.8057,
59.7076,65.1264,68.4451,69.2616,69.7221,69.9345,69.975,70.7482,71.0461,
66.167,68.506,70.3634,70.9257,71.3488,72.0465,71.9567,72.4362,72.4619,
63.0188,68.424,69.8474,70.8817,71.6812,72.1896,72.1979,72.126,71.909,
66.7633,68.9191,70.1906,71.0959,71.8151,72.5124,72.5045,72.7359,73.2969,
66.1232,69.919,70.4792,71.9334,71.8305,72.7013,72.8781,72.6137,72.8077,
65.7537,69.9068,70.8035,71.772,72.0323,72.3462,72.9351,73.008,73.0411,
67.3933,71.3279,72.7435,73.798,74.2244,73.9969,73.3708,73.2017,73.3327,
64.3158,69.4697,70.0431,71.5922,71.846,72.1548,72.7078,72.5709,72.3716,
66.8079,71.4043,73.51,73.2439,73.8626,73.6246,73.5481,73.2487,73.1599,
67.7127,70.2999,71.6148,71.9787,72.3659,72.5913,72.8137,72.9814,73.0648,
66.167,69.3613,70.562,70.7751,71.635,71.7021,72.6738,72.8584,73.05,
60.1024,66.0512,68.4919,69.8299,70.3796,70.8178,71.134,71.2206,71.6742,
67.5754,69.7362,71.2238,71.477,72.1675,72.8115,72.9427,73.1482,73.3089,
67.9427,72.7815,73.9631,73.9617,73.5692,73.5253,73.6178,73.6872,73.0471,
65.6242,70.1274,70.6867,71.1718,72.2509,72.1462,72.1607,72.3805,72.8578,
61.9069,66.2372,68.6251,69.3036,70.069,70.3239,70.422,70.9711,71.3588,
69.2603,70.9232,71.9756,72.4611,73.3533,74.1065,74.4635,75.0138,74.9199,
60.1024,67.0252,69.9614,70.6189,71.1812,71.8696,71.4827,71.912,72.1106,
59.9762,65.8013,68.0646,68.9691,70.1476,70.9895,71.4864,71.5807,71.9521,
64.7321,69.2292,71.2069,72.2909,72.745,72.8381,73.1485,73.8436,73.7595,
65.9488,68.5765,69.564,70.7626,71.9546,72.0379,72.5759,72.3772,72.2235,
64.1096,68.3071,68.8693,70.3705,70.7381,71.0862,71.2209,71.6287,71.583,
63.5394,67.0701,68.8377,70.2963,71.3234,72.3375,72.3845,72.4723,72.424,
67.7586,71.4298,72.1834,72.7775,72.2927,72.3201,72.25,72.6962,72.5056,
62.1957,66.9355,69.7013,70.7689,71.4252,71.8008,72.0122,72.1195,72.3425,
66.497,71.3279,71.9066,73.4727,73.6993,73.4893,73.5559,73.5517,73.285,
65.4096,69.4215,68.7903,69.769,70.3697,70.776,71.069,71.0372,71.3956,
66.875,69.8458,70.7618,71.3814,71.8822,72.3593,72.5533,72.0189,72.2989,
64.3986,69.9068,71.4783,72.1865,72.2405,72.6969,72.9047,72.9016,73.1599,73.1104,
66.4528,69.9068,71.0046,72.1865,71.908,72.2069,72.1532,72.113,71.8057,72.0775,
59.7076,65.1264,68.4451,69.2616,69.7221,69.9345,69.975,70.7482,71.0461,71.124,
66.167,68.506,70.3634,70.9257,71.3488,72.0465,71.9567,72.4362,72.4619,72.5876,
63.0188,68.424,69.8474,70.8817,71.6812,72.1896,72.1979,72.126,71.909,72.443,
66.7633,68.9191,70.1906,71.0959,71.8151,72.5124,72.5045,72.7359,73.2969,73.1906,
66.1232,69.919,70.4792,71.9334,71.8305,72.7013,72.8781,72.6137,72.8077,72.985,
65.7537,69.9068,70.8035,71.772,72.0323,72.3462,72.9351,73.008,73.0411,73.089,
67.3933,71.3279,72.7435,73.798,74.2244,73.9969,73.3708,73.2017,73.3327,73.4595,
64.3158,69.4697,70.0431,71.5922,71.846,72.1548,72.7078,72.5709,72.3716,72.6747,
66.8079,71.4043,73.51,73.2439,73.8626,73.6246,73.5481,73.2487,73.1599,73.5189,
67.7127,70.2999,71.6148,71.9787,72.3659,72.5913,72.8137,72.9814,73.0648,73.4325,
66.167,69.3613,70.562,70.7751,71.635,71.7021,72.6738,72.8584,73.05,72.9052,
60.1024,66.0512,68.4919,69.8299,70.3796,70.8178,71.134,71.2206,71.6742,71.7105,
67.5754,69.7362,71.2238,71.477,72.1675,72.8115,72.9427,73.1482,73.3089,73.073,
67.9427,72.7815,73.9631,73.9617,73.5692,73.5253,73.6178,73.6872,73.0471,73.0303,
65.6242,70.1274,70.6867,71.1718,72.2509,72.1462,72.1607,72.3805,72.8578,72.3749,
61.9069,66.2372,68.6251,69.3036,70.069,70.3239,70.422,70.9711,71.3588,71.672,
69.2603,70.9232,71.9756,72.4611,73.3533,74.1065,74.4635,75.0138,74.9199,75.0472,
60.1024,67.0252,69.9614,70.6189,71.1812,71.8696,71.4827,71.912,72.1106,72.4378,
59.9762,65.8013,68.0646,68.9691,70.1476,70.9895,71.4864,71.5807,71.9521,71.8161,
64.7321,69.2292,71.2069,72.2909,72.745,72.8381,73.1485,73.8436,73.7595,73.6488,
65.9488,68.5765,69.564,70.7626,71.9546,72.0379,72.5759,72.3772,72.2235,72.3095,
64.1096,68.3071,68.8693,70.3705,70.7381,71.0862,71.2209,71.6287,71.583,71.7517,
63.5394,67.0701,68.8377,70.2963,71.3234,72.3375,72.3845,72.4723,72.424,72.2598,
67.7586,71.4298,72.1834,72.7775,72.2927,72.3201,72.25,72.6962,72.5056,72.8176,
62.1957,66.9355,69.7013,70.7689,71.4252,71.8008,72.0122,72.1195,72.3425,72.9025,
66.497,71.3279,71.9066,73.4727,73.6993,73.4893,73.5559,73.5517,73.285,73.3732,
65.4096,69.4215,68.7903,69.769,70.3697,70.776,71.069,71.0372,71.3956,71.8497,
66.875,69.8458,70.7618,71.3814,71.8822,72.3593,72.5533,72.0189,72.2989,72.8414,
64.3986,69.9068,71.4783,72.1865,72.2405,72.6969,72.9047,72.9016,73.1599,73.1104,
66.4528,69.9068,71.0046,72.1865,71.908,72.2069,72.1532,72.113,71.8057,72.0775,
59.7076,65.1264,68.4451,69.2616,69.7221,69.9345,69.975,70.7482,71.0461,71.124,
66.167,68.506,70.3634,70.9257,71.3488,72.0465,71.9567,72.4362,72.4619,72.5876,
63.0188,68.424,69.8474,70.8817,71.6812,72.1896,72.1979,72.126,71.909,72.443,
66.7633,68.9191,70.1906,71.0959,71.8151,72.5124,72.5045,72.7359,73.2969,73.1906,
66.1232,69.919,70.4792,71.9334,71.8305,72.7013,72.8781,72.6137,72.8077,72.985,
65.7537,69.9068,70.8035,71.772,72.0323,72.3462,72.9351,73.008,73.0411,73.089,
67.3933,71.3279,72.7435,73.798,74.2244,73.9969,73.3708,73.2017,73.3327,73.4595,
64.3158,69.4697,70.0431,71.5922,71.846,72.1548,72.7078,72.5709,72.3716,72.6747,
66.8079,71.4043,73.51,73.2439,73.8626,73.6246,73.5481,73.2487,73.1599,73.5189,
67.7127,70.2999,71.6148,71.9787,72.3659,72.5913,72.8137,72.9814,73.0648,73.4325,
66.167,69.3613,70.562,70.7751,71.635,71.7021,72.6738,72.8584,73.05,72.9052,
60.1024,66.0512,68.4919,69.8299,70.3796,70.8178,71.134,71.2206,71.6742,71.7105,
67.5754,69.7362,71.2238,71.477,72.1675,72.8115,72.9427,73.1482,73.3089,73.073,
67.9427,72.7815,73.9631,73.9617,73.5692,73.5253,73.6178,73.6872,73.0471,73.0303,
65.6242,70.1274,70.6867,71.1718,72.2509,72.1462,72.1607,72.3805,72.8578,72.3749,
61.9069,66.2372,68.6251,69.3036,70.069,70.3239,70.422,70.9711,71.3588,71.672,
69.2603,70.9232,71.9756,72.4611,73.3533,74.1065,74.4635,75.0138,74.9199,75.0472,
60.1024,67.0252,69.9614,70.6189,71.1812,71.8696,71.4827,71.912,72.1106,72.4378,
59.9762,65.8013,68.0646,68.9691,70.1476,70.9895,71.4864,71.5807,71.9521,71.8161,
64.7321,69.2292,71.2069,72.2909,72.745,72.8381,73.1485,73.8436,73.7595,73.6488,
65.9488,68.5765,69.564,70.7626,71.9546,72.0379,72.5759,72.3772,72.2235,72.3095,
64.1096,68.3071,68.8693,70.3705,70.7381,71.0862,71.2209,71.6287,71.583,71.7517,
63.5394,67.0701,68.8377,70.2963,71.3234,72.3375,72.3845,72.4723,72.424,72.2598,
67.7586,71.4298,72.1834,72.7775,72.2927,72.3201,72.25,72.6962,72.5056,72.8176,
62.1957,66.9355,69.7013,70.7689,71.4252,71.8008,72.0122,72.1195,72.3425,72.9025,
66.497,71.3279,71.9066,73.4727,73.6993,73.4893,73.5559,73.5517,73.285,73.3732,
65.4096,69.4215,68.7903,69.769,70.3697,70.776,71.069,71.0372,71.3956,71.8497,
66.875,69.8458,70.7618,71.3814,71.8822,72.3593,72.5533,72.0189,72.2989,72.8414,
64.3986,69.9068,71.4783,72.1865,72.2405,72.6969,72.9047,72.9016,73.1599,73.1104,73.5389,
66.4528,69.9068,71.0046,72.1865,71.908,72.2069,72.1532,72.113,71.8057,72.0775,72.1876,
59.7076,65.1264,68.4451,69.2616,69.7221,69.9345,69.975,70.7482,71.0461,71.124,71.1142,
66.167,68.506,70.3634,70.9257,71.3488,72.0465,71.9567,72.4362,72.4619,72.5876,72.9609,
63.0188,68.424,69.8474,70.8817,71.6812,72.1896,72.1979,72.126,71.909,72.443,72.5973,
66.7633,68.9191,70.1906,71.0959,71.8151,72.5124,72.5045,72.7359,73.2969,73.1906,73.3574,
66.1232,69.919,70.4792,71.9334,71.8305,72.7013,72.8781,72.6137,72.8077,72.985,73.1696,
65.7537,69.9068,70.8035,71.772,72.0323,72.3462,72.9351,73.008,73.0411,73.089,73.3623,
67.3933,71.3279,72.7435,73.798,74.2244,73.9969,73.3708,73.2017,73.3327,73.4595,73.289,
64.3158,69.4697,70.0431,71.5922,71.846,72.1548,72.7078,72.5709,72.3716,72.6747,72.5207,
66.8079,71.4043,73.51,73.2439,73.8626,73.6246,73.5481,73.2487,73.1599,73.5189,73.6373,
67.7127,70.2999,71.6148,71.9787,72.3659,72.5913,72.8137,72.9814,73.0648,73.4325,73.4015,
66.167,69.3613,70.562,70.7751,71.635,71.7021,72.6738,72.8584,73.05,72.9052,72.5375,
60.1024,66.0512,68.4919,69.8299,70.3796,70.8178,71.134,71.2206,71.6742,71.7105,71.9468,
67.5754,69.7362,71.2238,71.477,72.1675,72.8115,72.9427,73.1482,73.3089,73.073,73.0748,
67.9427,72.7815,73.9631,73.9617,73.5692,73.5253,73.6178,73.6872,73.0471,73.0303,73.289,
65.6242,70.1274,70.6867,71.1718,72.2509,72.1462,72.1607,72.3805,72.8578,72.3749,72.3443,
61.9069,66.2372,68.6251,69.3036,70.069,70.3239,70.422,70.9711,71.3588,71.672,71.8927,
69.2603,70.9232,71.9756,72.4611,73.3533,74.1065,74.4635,75.0138,74.9199,75.0472,74.5607,
60.1024,67.0252,69.9614,70.6189,71.1812,71.8696,71.4827,71.912,72.1106,72.4378,72.4014,
59.9762,65.8013,68.0646,68.9691,70.1476,70.9895,71.4864,71.5807,71.9521,71.8161,71.8739,
64.7321,69.2292,71.2069,72.2909,72.745,72.8381,73.1485,73.8436,73.7595,73.6488,73.5585,
65.9488,68.5765,69.564,70.7626,71.9546,72.0379,72.5759,72.3772,72.2235,72.3095,72.6669,
64.1096,68.3071,68.8693,70.3705,70.7381,71.0862,71.2209,71.6287,71.583,71.7517,71.8153,
63.5394,67.0701,68.8377,70.2963,71.3234,72.3375,72.3845,72.4723,72.424,72.2598,72.1829,
67.7586,71.4298,72.1834,72.7775,72.2927,72.3201,72.25,72.6962,72.5056,72.8176,72.7077,
62.1957,66.9355,69.7013,70.7689,71.4252,71.8008,72.0122,72.1195,72.3425,72.9025,72.8618,
66.497,71.3279,71.9066,73.4727,73.6993,73.4893,73.5559,73.5517,73.285,73.3732,73.6423,
65.4096,69.4215,68.7903,69.769,70.3697,70.776,71.069,71.0372,71.3956,71.8497,71.7357,
66.875,69.8458,70.7618,71.3814,71.8822,72.3593,72.5533,72.0189,72.2989,72.8414,72.7678,
64.3986,69.9068,71.4783,72.1865,72.2405,72.6969,72.9047,72.9016,73.1599,73.1104,73.5389,
66.4528,69.9068,71.0046,72.1865,71.908,72.2069,72.1532,72.113,71.8057,72.0775,72.1876,
59.7076,65.1264,68.4451,69.2616,69.7221,69.9345,69.975,70.7482,71.0461,71.124,71.1142,
66.167,68.506,70.3634,70.9257,71.3488,72.0465,71.9567,72.4362,72.4619,72.5876,72.9609,
63.0188,68.424,69.8474,70.8817,71.6812,72.1896,72.1979,72.126,71.909,72.443,72.5973,
66.7633,68.9191,70.1906,71.0959,71.8151,72.5124,72.5045,72.7359,73.2969,73.1906,73.3574,
66.1232,69.919,70.4792,71.9334,71.8305,72.7013,72.8781,72.6137,72.8077,72.985,73.1696,
65.7537,69.9068,70.8035,71.772,72.0323,72.3462,72.9351,73.008,73.0411,73.089,73.3623,
67.3933,71.3279,72.7435,73.798,74.2244,73.9969,73.3708,73.2017,73.3327,73.4595,73.289,
64.3158,69.4697,70.0431,71.5922,71.846,72.1548,72.7078,72.5709,72.3716,72.6747,72.5207,
66.8079,71.4043,73.51,73.2439,73.8626,73.6246,73.5481,73.2487,73.1599,73.5189,73.6373,
67.7127,70.2999,71.6148,71.9787,72.3659,72.5913,72.8137,72.9814,73.0648,73.4325,73.4015,
66.167,69.3613,70.562,70.7751,71.635,71.7021,72.6738,72.8584,73.05,72.9052,72.5375,
60.1024,66.0512,68.4919,69.8299,70.3796,70.8178,71.134,71.2206,71.6742,71.7105,71.9468,
67.5754,69.7362,71.2238,71.477,72.1675,72.8115,72.9427,73.1482,73.3089,73.073,73.0748,
67.9427,72.7815,73.9631,73.9617,73.5692,73.5253,73.6178,73.6872,73.0471,73.0303,73.289,
65.6242,70.1274,70.6867,71.1718,72.2509,72.1462,72.1607,72.3805,72.8578,72.3749,72.3443,
61.9069,66.2372,68.6251,69.3036,70.069,70.3239,70.422,70.9711,71.3588,71.672,71.8927,
69.2603,70.9232,71.9756,72.4611,73.3533,74.1065,74.4635,75.0138,74.9199,75.0472,74.5607,
60.1024,67.0252,69.9614,70.6189,71.1812,71.8696,71.4827,71.912,72.1106,72.4378,72.4014,
59.9762,65.8013,68.0646,68.9691,70.1476,70.9895,71.4864,71.5807,71.9521,71.8161,71.8739,
64.7321,69.2292,71.2069,72.2909,72.745,72.8381,73.1485,73.8436,73.7595,73.6488,73.5585,
65.9488,68.5765,69.564,70.7626,71.9546,72.0379,72.5759,72.3772,72.2235,72.3095,72.6669,
64.1096,68.3071,68.8693,70.3705,70.7381,71.0862,71.2209,71.6287,71.583,71.7517,71.8153,
63.5394,67.0701,68.8377,70.2963,71.3234,72.3375,72.3845,72.4723,72.424,72.2598,72.1829,
67.7586,71.4298,72.1834,72.7775,72.2927,72.3201,72.25,72.6962,72.5056,72.8176,72.7077,
62.1957,66.9355,69.7013,70.7689,71.4252,71.8008,72.0122,72.1195,72.3425,72.9025,72.8618,
66.497,71.3279,71.9066,73.4727,73.6993,73.4893,73.5559,73.5517,73.285,73.3732,73.6423,
65.4096,69.4215,68.7903,69.769,70.3697,70.776,71.069,71.0372,71.3956,71.8497,71.7357,
66.875,69.8458,70.7618,71.3814,71.8822,72.3593,72.5533,72.0189,72.2989,72.8414,72.7678,
64.3986,69.9068,71.4783,72.1865,72.2405,72.6969,72.9047,72.9016,73.1599,73.1104,73.5389,73.4835,
66.4528,69.9068,71.0046,72.1865,71.908,72.2069,72.1532,72.113,71.8057,72.0775,72.1876,72.3842,
59.7076,65.1264,68.4451,69.2616,69.7221,69.9345,69.975,70.7482,71.0461,71.124,71.1142,71.4958,
66.167,68.506,70.3634,70.9257,71.3488,72.0465,71.9567,72.4362,72.4619,72.5876,72.9609,72.9364,
63.0188,68.424,69.8474,70.8817,71.6812,72.1896,72.1979,72.126,71.909,72.443,72.5973,72.4629,
66.7633,68.9191,70.1906,71.0959,71.8151,72.5124,72.5045,72.7359,73.2969,73.1906,73.3574,73.014,
66.1232,69.919,70.4792,71.9334,71.8305,72.7013,72.8781,72.6137,72.8077,72.985,73.1696,73.074,
65.7537,69.9068,70.8035,71.772,72.0323,72.3462,72.9351,73.008,73.0411,73.089,73.3623,73.3936,
67.3933,71.3279,72.7435,73.798,74.2244,73.9969,73.3708,73.2017,73.3327,73.4595,73.289,73.2368,
64.3158,69.4697,70.0431,71.5922,71.846,72.1548,72.7078,72.5709,72.3716,72.6747,72.5207,72.6208,
66.8079,71.4043,73.51,73.2439,73.8626,73.6246,73.5481,73.2487,73.1599,73.5189,73.6373,73.7001,
67.7127,70.2999,71.6148,71.9787,72.3659,72.5913,72.8137,72.9814,73.0648,73.4325,73.4015,73.3936,
66.167,69.3613,70.562,70.7751,71.635,71.7021,72.6738,72.8584,73.05,72.9052,72.5375,72.4957,
60.1024,66.0512,68.4919,69.8299,70.3796,70.8178,71.134,71.2206,71.6742,71.7105,71.9468,72.1796,
67.5754,69.7362,71.2238,71.477,72.1675,72.8115,72.9427,73.1482,73.3089,73.073,73.0748,73.488,
67.9427,72.7815,73.9631,73.9617,73.5692,73.5253,73.6178,73.6872,73.0471,73.0303,73.289,73.2547,
65.6242,70.1274,70.6867,71.1718,72.2509,72.1462,72.1607,72.3805,72.8578,72.3749,72.3443,72.4235,
61.9069,66.2372,68.6251,69.3036,70.069,70.3239,70.422,70.9711,71.3588,71.672,71.8927,72.5308,
69.2603,70.9232,71.9756,72.4611,73.3533,74.1065,74.4635,75.0138,74.9199,75.0472,74.5607,74.9008,
60.1024,67.0252,69.9614,70.6189,71.1812,71.8696,71.4827,71.912,72.1106,72.4378,72.4014,72.7926,
59.9762,65.8013,68.0646,68.9691,70.1476,70.9895,71.4864,71.5807,71.9521,71.8161,71.8739,71.8017,
64.7321,69.2292,71.2069,72.2909,72.745,72.8381,73.1485,73.8436,73.7595,73.6488,73.5585,73.5375,
65.9488,68.5765,69.564,70.7626,71.9546,72.0379,72.5759,72.3772,72.2235,72.3095,72.6669,72.4213,
64.1096,68.3071,68.8693,70.3705,70.7381,71.0862,71.2209,71.6287,71.583,71.7517,71.8153,72.0755,
63.5394,67.0701,68.8377,70.2963,71.3234,72.3375,72.3845,72.4723,72.424,72.2598,72.1829,72.1709,
67.7586,71.4298,72.1834,72.7775,72.2927,72.3201,72.25,72.6962,72.5056,72.8176,72.7077,73.0941,
62.1957,66.9355,69.7013,70.7689,71.4252,71.8008,72.0122,72.1195,72.3425,72.9025,72.8618,72.7396,
66.497,71.3279,71.9066,73.4727,73.6993,73.4893,73.5559,73.5517,73.285,73.3732,73.6423,73.6684,
65.4096,69.4215,68.7903,69.769,70.3697,70.776,71.069,71.0372,71.3956,71.8497,71.7357,71.8813,
66.875,69.8458,70.7618,71.3814,71.8822,72.3593,72.5533,72.0189,72.2989,72.8414,72.7678,72.9364,
64.3986,69.9068,71.4783,72.1865,72.2405,72.6969,72.9047,72.9016,73.1599,73.1104,73.5389,73.4835,
66.4528,69.9068,71.0046,72.1865,71.908,72.2069,72.1532,72.113,71.8057,72.0775,72.1876,72.3842,
59.7076,65.1264,68.4451,69.2616,69.7221,69.9345,69.975,70.7482,71.0461,71.124,71.1142,71.4958,
66.167,68.506,70.3634,70.9257,71.3488,72.0465,71.9567,72.4362,72.4619,72.5876,72.9609,72.9364,
63.0188,68.424,69.8474,70.8817,71.6812,72.1896,72.1979,72.126,71.909,72.443,72.5973,72.4629,
66.7633,68.9191,70.1906,71.0959,71.8151,72.5124,72.5045,72.7359,73.2969,73.1906,73.3574,73.014,
66.1232,69.919,70.4792,71.9334,71.8305,72.7013,72.8781,72.6137,72.8077,72.985,73.1696,73.074,
65.7537,69.9068,70.8035,71.772,72.0323,72.3462,72.9351,73.008,73.0411,73.089,73.3623,73.3936,
67.3933,71.3279,72.7435,73.798,74.2244,73.9969,73.3708,73.2017,73.3327,73.4595,73.289,73.2368,
64.3158,69.4697,70.0431,71.5922,71.846,72.1548,72.7078,72.5709,72.3716,72.6747,72.5207,72.6208,
66.8079,71.4043,73.51,73.2439,73.8626,73.6246,73.5481,73.2487,73.1599,73.5189,73.6373,73.7001,
67.7127,70.2999,71.6148,71.9787,72.3659,72.5913,72.8137,72.9814,73.0648,73.4325,73.4015,73.3936,
66.167,69.3613,70.562,70.7751,71.635,71.7021,72.6738,72.8584,73.05,72.9052,72.5375,72.4957,
60.1024,66.0512,68.4919,69.8299,70.3796,70.8178,71.134,71.2206,71.6742,71.7105,71.9468,72.1796,
67.5754,69.7362,71.2238,71.477,72.1675,72.8115,72.9427,73.1482,73.3089,73.073,73.0748,73.488,
67.9427,72.7815,73.9631,73.9617,73.5692,73.5253,73.6178,73.6872,73.0471,73.0303,73.289,73.2547,
65.6242,70.1274,70.6867,71.1718,72.2509,72.1462,72.1607,72.3805,72.8578,72.3749,72.3443,72.4235,
61.9069,66.2372,68.6251,69.3036,70.069,70.3239,70.422,70.9711,71.3588,71.672,71.8927,72.5308,
69.2603,70.9232,71.9756,72.4611,73.3533,74.1065,74.4635,75.0138,74.9199,75.0472,74.5607,74.9008,
60.1024,67.0252,69.9614,70.6189,71.1812,71.8696,71.4827,71.912,72.1106,72.4378,72.4014,72.7926,
59.9762,65.8013,68.0646,68.9691,70.1476,70.9895,71.4864,71.5807,71.9521,71.8161,71.8739,71.8017,
64.7321,69.2292,71.2069,72.2909,72.745,72.8381,73.1485,73.8436,73.7595,73.6488,73.5585,73.5375,
65.9488,68.5765,69.564,70.7626,71.9546,72.0379,72.5759,72.3772,72.2235,72.3095,72.6669,72.4213,
64.1096,68.3071,68.8693,70.3705,70.7381,71.0862,71.2209,71.6287,71.583,71.7517,71.8153,72.0755,
63.5394,67.0701,68.8377,70.2963,71.3234,72.3375,72.3845,72.4723,72.424,72.2598,72.1829,72.1709,
67.7586,71.4298,72.1834,72.7775,72.2927,72.3201,72.25,72.6962,72.5056,72.8176,72.7077,73.0941,
62.1957,66.9355,69.7013,70.7689,71.4252,71.8008,72.0122,72.1195,72.3425,72.9025,72.8618,72.7396,
66.497,71.3279,71.9066,73.4727,73.6993,73.4893,73.5559,73.5517,73.285,73.3732,73.6423,73.6684,
65.4096,69.4215,68.7903,69.769,70.3697,70.776,71.069,71.0372,71.3956,71.8497,71.7357,71.8813,
66.875,69.8458,70.7618,71.3814,71.8822,72.3593,72.5533,72.0189,72.2989,72.8414,72.7678,72.9364,
64.3986,69.9068,71.4783,72.1865,72.2405,72.6969,72.9047,72.9016,73.1599,73.1104,73.5389,73.4835,73.4865,
66.4528,69.9068,71.0046,72.1865,71.908,72.2069,72.1532,72.113,71.8057,72.0775,72.1876,72.3842,72.3254,
59.7076,65.1264,68.4451,69.2616,69.7221,69.9345,69.975,70.7482,71.0461,71.124,71.1142,71.4958,71.5689,
66.167,68.506,70.3634,70.9257,71.3488,72.0465,71.9567,72.4362,72.4619,72.5876,72.9609,72.9364,73.0632,
63.0188,68.424,69.8474,70.8817,71.6812,72.1896,72.1979,72.126,71.909,72.443,72.5973,72.4629,72.2691,
66.7633,68.9191,70.1906,71.0959,71.8151,72.5124,72.5045,72.7359,73.2969,73.1906,73.3574,73.014,73.3,
66.1232,69.919,70.4792,71.9334,71.8305,72.7013,72.8781,72.6137,72.8077,72.985,73.1696,73.074,72.9606,
65.7537,69.9068,70.8035,71.772,72.0323,72.3462,72.9351,73.008,73.0411,73.089,73.3623,73.3936,73.3869,
67.3933,71.3279,72.7435,73.798,74.2244,73.9969,73.3708,73.2017,73.3327,73.4595,73.289,73.2368,73.5905,
64.3158,69.4697,70.0431,71.5922,71.846,72.1548,72.7078,72.5709,72.3716,72.6747,72.5207,72.6208,72.8196,
66.8079,71.4043,73.51,73.2439,73.8626,73.6246,73.5481,73.2487,73.1599,73.5189,73.6373,73.7001,73.6197,
67.7127,70.2999,71.6148,71.9787,72.3659,72.5913,72.8137,72.9814,73.0648,73.4325,73.4015,73.3936,73.5031,
66.167,69.3613,70.562,70.7751,71.635,71.7021,72.6738,72.8584,73.05,72.9052,72.5375,72.4957,72.7687,
60.1024,66.0512,68.4919,69.8299,70.3796,70.8178,71.134,71.2206,71.6742,71.7105,71.9468,72.1796,72.1848,
67.5754,69.7362,71.2238,71.477,72.1675,72.8115,72.9427,73.1482,73.3089,73.073,73.0748,73.488,73.4907,
67.9427,72.7815,73.9631,73.9617,73.5692,73.5253,73.6178,73.6872,73.0471,73.0303,73.289,73.2547,73.2257,
65.6242,70.1274,70.6867,71.1718,72.2509,72.1462,72.1607,72.3805,72.8578,72.3749,72.3443,72.4235,72.1848,
61.9069,66.2372,68.6251,69.3036,70.069,70.3239,70.422,70.9711,71.3588,71.672,71.8927,72.5308,72.4443,
69.2603,70.9232,71.9756,72.4611,73.3533,74.1065,74.4635,75.0138,74.9199,75.0472,74.5607,74.9008,74.8618,
60.1024,67.0252,69.9614,70.6189,71.1812,71.8696,71.4827,71.912,72.1106,72.4378,72.4014,72.7926,72.8972,
59.9762,65.8013,68.0646,68.9691,70.1476,70.9895,71.4864,71.5807,71.9521,71.8161,71.8739,71.8017,71.8994,
64.7321,69.2292,71.2069,72.2909,72.745,72.8381,73.1485,73.8436,73.7595,73.6488,73.5585,73.5375,73.5197,
65.9488,68.5765,69.564,70.7626,71.9546,72.0379,72.5759,72.3772,72.2235,72.3095,72.6669,72.4213,72.4402,
64.1096,68.3071,68.8693,70.3705,70.7381,71.0862,71.2209,71.6287,71.583,71.7517,71.8153,72.0755,72.3939,
63.5394,67.0701,68.8377,70.2963,71.3234,72.3375,72.3845,72.4723,72.424,72.2598,72.1829,72.1709,72.1768,
67.7586,71.4298,72.1834,72.7775,72.2927,72.3201,72.25,72.6962,72.5056,72.8176,72.7077,73.0941,73.0283,
62.1957,66.9355,69.7013,70.7689,71.4252,71.8008,72.0122,72.1195,72.3425,72.9025,72.8618,72.7396,72.8319,
66.497,71.3279,71.9066,73.4727,73.6993,73.4893,73.5559,73.5517,73.285,73.3732,73.6423,73.6684,73.6405,
65.4096,69.4215,68.7903,69.769,70.3697,70.776,71.069,71.0372,71.3956,71.8497,71.7357,71.8813,72.2289,
66.875,69.8458,70.7618,71.3814,71.8822,72.3593,72.5533,72.0189,72.2989,72.8414,72.7678,72.9364,73.1125,
64.3986,69.9068,71.4783,72.1865,72.2405,72.6969,72.9047,72.9016,73.1599,73.1104,73.5389,73.4835,73.4865,
66.4528,69.9068,71.0046,72.1865,71.908,72.2069,72.1532,72.113,71.8057,72.0775,72.1876,72.3842,72.3254,
59.7076,65.1264,68.4451,69.2616,69.7221,69.9345,69.975,70.7482,71.0461,71.124,71.1142,71.4958,71.5689,
66.167,68.506,70.3634,70.9257,71.3488,72.0465,71.9567,72.4362,72.4619,72.5876,72.9609,72.9364,73.0632,
63.0188,68.424,69.8474,70.8817,71.6812,72.1896,72.1979,72.126,71.909,72.443,72.5973,72.4629,72.2691,
66.7633,68.9191,70.1906,71.0959,71.8151,72.5124,72.5045,72.7359,73.2969,73.1906,73.3574,73.014,73.3,
66.1232,69.919,70.4792,71.9334,71.8305,72.7013,72.8781,72.6137,72.8077,72.985,73.1696,73.074,72.9606,
65.7537,69.9068,70.8035,71.772,72.0323,72.3462,72.9351,73.008,73.0411,73.089,73.3623,73.3936,73.3869,
67.3933,71.3279,72.7435,73.798,74.2244,73.9969,73.3708,73.2017,73.3327,73.4595,73.289,73.2368,73.5905,
64.3158,69.4697,70.0431,71.5922,71.846,72.1548,72.7078,72.5709,72.3716,72.6747,72.5207,72.6208,72.8196,
66.8079,71.4043,73.51,73.2439,73.8626,73.6246,73.5481,73.2487,73.1599,73.5189,73.6373,73.7001,73.6197,
67.7127,70.2999,71.6148,71.9787,72.3659,72.5913,72.8137,72.9814,73.0648,73.4325,73.4015,73.3936,73.5031,
66.167,69.3613,70.562,70.7751,71.635,71.7021,72.6738,72.8584,73.05,72.9052,72.5375,72.4957,72.7687,
60.1024,66.0512,68.4919,69.8299,70.3796,70.8178,71.134,71.2206,71.6742,71.7105,71.9468,72.1796,72.1848,
67.5754,69.7362,71.2238,71.477,72.1675,72.8115,72.9427,73.1482,73.3089,73.073,73.0748,73.488,73.4907,
67.9427,72.7815,73.9631,73.9617,73.5692,73.5253,73.6178,73.6872,73.0471,73.0303,73.289,73.2547,73.2257,
65.6242,70.1274,70.6867,71.1718,72.2509,72.1462,72.1607,72.3805,72.8578,72.3749,72.3443,72.4235,72.1848,
61.9069,66.2372,68.6251,69.3036,70.069,70.3239,70.422,70.9711,71.3588,71.672,71.8927,72.5308,72.4443,
69.2603,70.9232,71.9756,72.4611,73.3533,74.1065,74.4635,75.0138,74.9199,75.0472,74.5607,74.9008,74.8618,
60.1024,67.0252,69.9614,70.6189,71.1812,71.8696,71.4827,71.912,72.1106,72.4378,72.4014,72.7926,72.8972,
59.9762,65.8013,68.0646,68.9691,70.1476,70.9895,71.4864,71.5807,71.9521,71.8161,71.8739,71.8017,71.8994,
64.7321,69.2292,71.2069,72.2909,72.745,72.8381,73.1485,73.8436,73.7595,73.6488,73.5585,73.5375,73.5197,
65.9488,68.5765,69.564,70.7626,71.9546,72.0379,72.5759,72.3772,72.2235,72.3095,72.6669,72.4213,72.4402,
64.1096,68.3071,68.8693,70.3705,70.7381,71.0862,71.2209,71.6287,71.583,71.7517,71.8153,72.0755,72.3939,
63.5394,67.0701,68.8377,70.2963,71.3234,72.3375,72.3845,72.4723,72.424,72.2598,72.1829,72.1709,72.1768,
67.7586,71.4298,72.1834,72.7775,72.2927,72.3201,72.25,72.6962,72.5056,72.8176,72.7077,73.0941,73.0283,
62.1957,66.9355,69.7013,70.7689,71.4252,71.8008,72.0122,72.1195,72.3425,72.9025,72.8618,72.7396,72.8319,
66.497,71.3279,71.9066,73.4727,73.6993,73.4893,73.5559,73.5517,73.285,73.3732,73.6423,73.6684,73.6405,
65.4096,69.4215,68.7903,69.769,70.3697,70.776,71.069,71.0372,71.3956,71.8497,71.7357,71.8813,72.2289,
66.875,69.8458,70.7618,71.3814,71.8822,72.3593,72.5533,72.0189,72.2989,72.8414,72.7678,72.9364,73.1125,
64.3986,69.9068,71.4783,72.1865,72.2405,72.6969,72.9047,72.9016,73.1599,73.1104,73.5389,73.4835,73.4865,73.5509,
66.4528,69.9068,71.0046,72.1865,71.908,72.2069,72.1532,72.113,71.8057,72.0775,72.1876,72.3842,72.3254,72.2452,
59.7076,65.1264,68.4451,69.2616,69.7221,69.9345,69.975,70.7482,71.0461,71.124,71.1142,71.4958,71.5689,71.8669,
66.167,68.506,70.3634,70.9257,71.3488,72.0465,71.9567,72.4362,72.4619,72.5876,72.9609,72.9364,73.0632,73.0958,
63.0188,68.424,69.8474,70.8817,71.6812,72.1896,72.1979,72.126,71.909,72.443,72.5973,72.4629,72.2691,72.5974,
66.7633,68.9191,70.1906,71.0959,71.8151,72.5124,72.5045,72.7359,73.2969,73.1906,73.3574,73.014,73.3,73.3005,
66.1232,69.919,70.4792,71.9334,71.8305,72.7013,72.8781,72.6137,72.8077,72.985,73.1696,73.074,72.9606,72.8941,
65.7537,69.9068,70.8035,71.772,72.0323,72.3462,72.9351,73.008,73.0411,73.089,73.3623,73.3936,73.3869,73.5818,
67.3933,71.3279,72.7435,73.798,74.2244,73.9969,73.3708,73.2017,73.3327,73.4595,73.289,73.2368,73.5905,73.5084,
64.3158,69.4697,70.0431,71.5922,71.846,72.1548,72.7078,72.5709,72.3716,72.6747,72.5207,72.6208,72.8196,72.9454,
66.8079,71.4043,73.51,73.2439,73.8626,73.6246,73.5481,73.2487,73.1599,73.5189,73.6373,73.7001,73.6197,73.8925,
67.7127,70.2999,71.6148,71.9787,72.3659,72.5913,72.8137,72.9814,73.0648,73.4325,73.4015,73.3936,73.5031,73.52,
66.167,69.3613,70.562,70.7751,71.635,71.7021,72.6738,72.8584,73.05,72.9052,72.5375,72.4957,72.7687,72.7312,
60.1024,66.0512,68.4919,69.8299,70.3796,70.8178,71.134,71.2206,71.6742,71.7105,71.9468,72.1796,72.1848,72.2191,
67.5754,69.7362,71.2238,71.477,72.1675,72.8115,72.9427,73.1482,73.3089,73.073,73.0748,73.488,73.4907,73.4005,
67.9427,72.7815,73.9631,73.9617,73.5692,73.5253,73.6178,73.6872,73.0471,73.0303,73.289,73.2547,73.2257,73.4159,
65.6242,70.1274,70.6867,71.1718,72.2509,72.1462,72.1607,72.3805,72.8578,72.3749,72.3443,72.4235,72.1848,72.4283,
61.9069,66.2372,68.6251,69.3036,70.069,70.3239,70.422,70.9711,71.3588,71.672,71.8927,72.5308,72.4443,72.5353,
69.2603,70.9232,71.9756,72.4611,73.3533,74.1065,74.4635,75.0138,74.9199,75.0472,74.5607,74.9008,74.8618,74.7965,
60.1024,67.0252,69.9614,70.6189,71.1812,71.8696,71.4827,71.912,72.1106,72.4378,72.4014,72.7926,72.8972,72.8505,
59.9762,65.8013,68.0646,68.9691,70.1476,70.9895,71.4864,71.5807,71.9521,71.8161,71.8739,71.8017,71.8994,72.1465,
64.7321,69.2292,71.2069,72.2909,72.745,72.8381,73.1485,73.8436,73.7595,73.6488,73.5585,73.5375,73.5197,73.52,
65.9488,68.5765,69.564,70.7626,71.9546,72.0379,72.5759,72.3772,72.2235,72.3095,72.6669,72.4213,72.4402,72.5466,
64.1096,68.3071,68.8693,70.3705,70.7381,71.0862,71.2209,71.6287,71.583,71.7517,71.8153,72.0755,72.3939,72.5184,
63.5394,67.0701,68.8377,70.2963,71.3234,72.3375,72.3845,72.4723,72.424,72.2598,72.1829,72.1709,72.1768,72.4658,
67.7586,71.4298,72.1834,72.7775,72.2927,72.3201,72.25,72.6962,72.5056,72.8176,72.7077,73.0941,73.0283,72.9416,
62.1957,66.9355,69.7013,70.7689,71.4252,71.8008,72.0122,72.1195,72.3425,72.9025,72.8618,72.7396,72.8319,72.4883,
66.497,71.3279,71.9066,73.4727,73.6993,73.4893,73.5559,73.5517,73.285,73.3732,73.6423,73.6684,73.6405,73.6476,
65.4096,69.4215,68.7903,69.769,70.3697,70.776,71.069,71.0372,71.3956,71.8497,71.7357,71.8813,72.2289,72.1558,
66.875,69.8458,70.7618,71.3814,71.8822,72.3593,72.5533,72.0189,72.2989,72.8414,72.7678,72.9364,73.1125,73.1263,
64.3986,69.9068,71.4783,72.1865,72.2405,72.6969,72.9047,72.9016,73.1599,73.1104,73.5389,73.4835,73.4865,73.5509,
66.4528,69.9068,71.0046,72.1865,71.908,72.2069,72.1532,72.113,71.8057,72.0775,72.1876,72.3842,72.3254,72.2452,
59.7076,65.1264,68.4451,69.2616,69.7221,69.9345,69.975,70.7482,71.0461,71.124,71.1142,71.4958,71.5689,71.8669,
66.167,68.506,70.3634,70.9257,71.3488,72.0465,71.9567,72.4362,72.4619,72.5876,72.9609,72.9364,73.0632,73.0958,
63.0188,68.424,69.8474,70.8817,71.6812,72.1896,72.1979,72.126,71.909,72.443,72.5973,72.4629,72.2691,72.5974,
66.7633,68.9191,70.1906,71.0959,71.8151,72.5124,72.5045,72.7359,73.2969,73.1906,73.3574,73.014,73.3,73.3005,
66.1232,69.919,70.4792,71.9334,71.8305,72.7013,72.8781,72.6137,72.8077,72.985,73.1696,73.074,72.9606,72.8941,
65.7537,69.9068,70.8035,71.772,72.0323,72.3462,72.9351,73.008,73.0411,73.089,73.3623,73.3936,73.3869,73.5818,
67.3933,71.3279,72.7435,73.798,74.2244,73.9969,73.3708,73.2017,73.3327,73.4595,73.289,73.2368,73.5905,73.5084,
64.3158,69.4697,70.0431,71.5922,71.846,72.1548,72.7078,72.5709,72.3716,72.6747,72.5207,72.6208,72.8196,72.9454,
66.8079,71.4043,73.51,73.2439,73.8626,73.6246,73.5481,73.2487,73.1599,73.5189,73.6373,73.7001,73.6197,73.8925,
67.7127,70.2999,71.6148,71.9787,72.3659,72.5913,72.8137,72.9814,73.0648,73.4325,73.4015,73.3936,73.5031,73.52,
66.167,69.3613,70.562,70.7751,71.635,71.7021,72.6738,72.8584,73.05,72.9052,72.5375,72.4957,72.7687,72.7312,
60.1024,66.0512,68.4919,69.8299,70.3796,70.8178,71.134,71.2206,71.6742,71.7105,71.9468,72.1796,72.1848,72.2191,
67.5754,69.7362,71.2238,71.477,72.1675,72.8115,72.9427,73.1482,73.3089,73.073,73.0748,73.488,73.4907,73.4005,
67.9427,72.7815,73.9631,73.9617,73.5692,73.5253,73.6178,73.6872,73.0471,73.0303,73.289,73.2547,73.2257,73.4159,
65.6242,70.1274,70.6867,71.1718,72.2509,72.1462,72.1607,72.3805,72.8578,72.3749,72.3443,72.4235,72.1848,72.4283,
61.9069,66.2372,68.6251,69.3036,70.069,70.3239,70.422,70.9711,71.3588,71.672,71.8927,72.5308,72.4443,72.5353,
69.2603,70.9232,71.9756,72.4611,73.3533,74.1065,74.4635,75.0138,74.9199,75.0472,74.5607,74.9008,74.8618,74.7965,
60.1024,67.0252,69.9614,70.6189,71.1812,71.8696,71.4827,71.912,72.1106,72.4378,72.4014,72.7926,72.8972,72.8505,
59.9762,65.8013,68.0646,68.9691,70.1476,70.9895,71.4864,71.5807,71.9521,71.8161,71.8739,71.8017,71.8994,72.1465,
64.7321,69.2292,71.2069,72.2909,72.745,72.8381,73.1485,73.8436,73.7595,73.6488,73.5585,73.5375,73.5197,73.52,
65.9488,68.5765,69.564,70.7626,71.9546,72.0379,72.5759,72.3772,72.2235,72.3095,72.6669,72.4213,72.4402,72.5466,
64.1096,68.3071,68.8693,70.3705,70.7381,71.0862,71.2209,71.6287,71.583,71.7517,71.8153,72.0755,72.3939,72.5184,
63.5394,67.0701,68.8377,70.2963,71.3234,72.3375,72.3845,72.4723,72.424,72.2598,72.1829,72.1709,72.1768,72.4658,
67.7586,71.4298,72.1834,72.7775,72.2927,72.3201,72.25,72.6962,72.5056,72.8176,72.7077,73.0941,73.0283,72.9416,
62.1957,66.9355,69.7013,70.7689,71.4252,71.8008,72.0122,72.1195,72.3425,72.9025,72.8618,72.7396,72.8319,72.4883,
66.497,71.3279,71.9066,73.4727,73.6993,73.4893,73.5559,73.5517,73.285,73.3732,73.6423,73.6684,73.6405,73.6476,
65.4096,69.4215,68.7903,69.769,70.3697,70.776,71.069,71.0372,71.3956,71.8497,71.7357,71.8813,72.2289,72.1558,
66.875,69.8458,70.7618,71.3814,71.8822,72.3593,72.5533,72.0189,72.2989,72.8414,72.7678,72.9364,73.1125,73.1263,
64.3986,69.9068,71.4783,72.1865,72.2405,72.6969,72.9047,72.9016,73.1599,73.1104,73.5389,73.4835,73.4865,73.5509,73.6646,
66.4528,69.9068,71.0046,72.1865,71.908,72.2069,72.1532,72.113,71.8057,72.0775,72.1876,72.3842,72.3254,72.2452,72.6513,
59.7076,65.1264,68.4451,69.2616,69.7221,69.9345,69.975,70.7482,71.0461,71.124,71.1142,71.4958,71.5689,71.8669,72.0718,
66.167,68.506,70.3634,70.9257,71.3488,72.0465,71.9567,72.4362,72.4619,72.5876,72.9609,72.9364,73.0632,73.0958,72.9392,
63.0188,68.424,69.8474,70.8817,71.6812,72.1896,72.1979,72.126,71.909,72.443,72.5973,72.4629,72.2691,72.5974,72.7006,
66.7633,68.9191,70.1906,71.0959,71.8151,72.5124,72.5045,72.7359,73.2969,73.1906,73.3574,73.014,73.3,73.3005,73.2867,
66.1232,69.919,70.4792,71.9334,71.8305,72.7013,72.8781,72.6137,72.8077,72.985,73.1696,73.074,72.9606,72.8941,73.0066,
65.7537,69.9068,70.8035,71.772,72.0323,72.3462,72.9351,73.008,73.0411,73.089,73.3623,73.3936,73.3869,73.5818,73.3189,
67.3933,71.3279,72.7435,73.798,74.2244,73.9969,73.3708,73.2017,73.3327,73.4595,73.289,73.2368,73.5905,73.5084,73.4086,
64.3158,69.4697,70.0431,71.5922,71.846,72.1548,72.7078,72.5709,72.3716,72.6747,72.5207,72.6208,72.8196,72.9454,72.7994,
66.8079,71.4043,73.51,73.2439,73.8626,73.6246,73.5481,73.2487,73.1599,73.5189,73.6373,73.7001,73.6197,73.8925,73.8968,
67.7127,70.2999,71.6148,71.9787,72.3659,72.5913,72.8137,72.9814,73.0648,73.4325,73.4015,73.3936,73.5031,73.52,73.3046,
66.167,69.3613,70.562,70.7751,71.635,71.7021,72.6738,72.8584,73.05,72.9052,72.5375,72.4957,72.7687,72.7312,72.84,
60.1024,66.0512,68.4919,69.8299,70.3796,70.8178,71.134,71.2206,71.6742,71.7105,71.9468,72.1796,72.1848,72.2191,72.5143,
67.5754,69.7362,71.2238,71.477,72.1675,72.8115,72.9427,73.1482,73.3089,73.073,73.0748,73.488,73.4907,73.4005,73.423,
67.9427,72.7815,73.9631,73.9617,73.5692,73.5253,73.6178,73.6872,73.0471,73.0303,73.289,73.2547,73.2257,73.4159,73.2366,
65.6242,70.1274,70.6867,71.1718,72.2509,72.1462,72.1607,72.3805,72.8578,72.3749,72.3443,72.4235,72.1848,72.4283,72.5283,
61.9069,66.2372,68.6251,69.3036,70.069,70.3239,70.422,70.9711,71.3588,71.672,71.8927,72.5308,72.4443,72.5353,72.446,
69.2603,70.9232,71.9756,72.4611,73.3533,74.1065,74.4635,75.0138,74.9199,75.0472,74.5607,74.9008,74.8618,74.7965,74.7847,
60.1024,67.0252,69.9614,70.6189,71.1812,71.8696,71.4827,71.912,72.1106,72.4378,72.4014,72.7926,72.8972,72.8505,72.7958,
59.9762,65.8013,68.0646,68.9691,70.1476,70.9895,71.4864,71.5807,71.9521,71.8161,71.8739,71.8017,71.8994,72.1465,72.2089,
64.7321,69.2292,71.2069,72.2909,72.745,72.8381,73.1485,73.8436,73.7595,73.6488,73.5585,73.5375,73.5197,73.52,73.3906,
65.9488,68.5765,69.564,70.7626,71.9546,72.0379,72.5759,72.3772,72.2235,72.3095,72.6669,72.4213,72.4402,72.5466,72.5266,
64.1096,68.3071,68.8693,70.3705,70.7381,71.0862,71.2209,71.6287,71.583,71.7517,71.8153,72.0755,72.3939,72.5184,72.7111,
63.5394,67.0701,68.8377,70.2963,71.3234,72.3375,72.3845,72.4723,72.424,72.2598,72.1829,72.1709,72.1768,72.4658,72.3813,
67.7586,71.4298,72.1834,72.7775,72.2927,72.3201,72.25,72.6962,72.5056,72.8176,72.7077,73.0941,73.0283,72.9416,73.1937,
62.1957,66.9355,69.7013,70.7689,71.4252,71.8008,72.0122,72.1195,72.3425,72.9025,72.8618,72.7396,72.8319,72.4883,72.8524,
66.497,71.3279,71.9066,73.4727,73.6993,73.4893,73.5559,73.5517,73.285,73.3732,73.6423,73.6684,73.6405,73.6476,73.6103,
65.4096,69.4215,68.7903,69.769,70.3697,70.776,71.069,71.0372,71.3956,71.8497,71.7357,71.8813,72.2289,72.1558,72.1897,
66.875,69.8458,70.7618,71.3814,71.8822,72.3593,72.5533,72.0189,72.2989,72.8414,72.7678,72.9364,73.1125,73.1263,73.3386,
64.3986,69.9068,71.4783,72.1865,72.2405,72.6969,72.9047,72.9016,73.1599,73.1104,73.5389,73.4835,73.4865,73.5509,73.6646,
66.4528,69.9068,71.0046,72.1865,71.908,72.2069,72.1532,72.113,71.8057,72.0775,72.1876,72.3842,72.3254,72.2452,72.6513,
59.7076,65.1264,68.4451,69.2616,69.7221,69.9345,69.975,70.7482,71.0461,71.124,71.1142,71.4958,71.5689,71.8669,72.0718,
66.167,68.506,70.3634,70.9257,71.3488,72.0465,71.9567,72.4362,72.4619,72.5876,72.9609,72.9364,73.0632,73.0958,72.9392,
63.0188,68.424,69.8474,70.8817,71.6812,72.1896,72.1979,72.126,71.909,72.443,72.5973,72.4629,72.2691,72.5974,72.7006,
66.7633,68.9191,70.1906,71.0959,71.8151,72.5124,72.5045,72.7359,73.2969,73.1906,73.3574,73.014,73.3,73.3005,73.2867,
66.1232,69.919,70.4792,71.9334,71.8305,72.7013,72.8781,72.6137,72.8077,72.985,73.1696,73.074,72.9606,72.8941,73.0066,
65.7537,69.9068,70.8035,71.772,72.0323,72.3462,72.9351,73.008,73.0411,73.089,73.3623,73.3936,73.3869,73.5818,73.3189,
67.3933,71.3279,72.7435,73.798,74.2244,73.9969,73.3708,73.2017,73.3327,73.4595,73.289,73.2368,73.5905,73.5084,73.4086,
64.3158,69.4697,70.0431,71.5922,71.846,72.1548,72.7078,72.5709,72.3716,72.6747,72.5207,72.6208,72.8196,72.9454,72.7994,
66.8079,71.4043,73.51,73.2439,73.8626,73.6246,73.5481,73.2487,73.1599,73.5189,73.6373,73.7001,73.6197,73.8925,73.8968,
67.7127,70.2999,71.6148,71.9787,72.3659,72.5913,72.8137,72.9814,73.0648,73.4325,73.4015,73.3936,73.5031,73.52,73.3046,
66.167,69.3613,70.562,70.7751,71.635,71.7021,72.6738,72.8584,73.05,72.9052,72.5375,72.4957,72.7687,72.7312,72.84,
60.1024,66.0512,68.4919,69.8299,70.3796,70.8178,71.134,71.2206,71.6742,71.7105,71.9468,72.1796,72.1848,72.2191,72.5143,
67.5754,69.7362,71.2238,71.477,72.1675,72.8115,72.9427,73.1482,73.3089,73.073,73.0748,73.488,73.4907,73.4005,73.423,
67.9427,72.7815,73.9631,73.9617,73.5692,73.5253,73.6178,73.6872,73.0471,73.0303,73.289,73.2547,73.2257,73.4159,73.2366,
65.6242,70.1274,70.6867,71.1718,72.2509,72.1462,72.1607,72.3805,72.8578,72.3749,72.3443,72.4235,72.1848,72.4283,72.5283,
61.9069,66.2372,68.6251,69.3036,70.069,70.3239,70.422,70.9711,71.3588,71.672,71.8927,72.5308,72.4443,72.5353,72.446,
69.2603,70.9232,71.9756,72.4611,73.3533,74.1065,74.4635,75.0138,74.9199,75.0472,74.5607,74.9008,74.8618,74.7965,74.7847,
60.1024,67.0252,69.9614,70.6189,71.1812,71.8696,71.4827,71.912,72.1106,72.4378,72.4014,72.7926,72.8972,72.8505,72.7958,
59.9762,65.8013,68.0646,68.9691,70.1476,70.9895,71.4864,71.5807,71.9521,71.8161,71.8739,71.8017,71.8994,72.1465,72.2089,
64.7321,69.2292,71.2069,72.2909,72.745,72.8381,73.1485,73.8436,73.7595,73.6488,73.5585,73.5375,73.5197,73.52,73.3906,
65.9488,68.5765,69.564,70.7626,71.9546,72.0379,72.5759,72.3772,72.2235,72.3095,72.6669,72.4213,72.4402,72.5466,72.5266,
64.1096,68.3071,68.8693,70.3705,70.7381,71.0862,71.2209,71.6287,71.583,71.7517,71.8153,72.0755,72.3939,72.5184,72.7111,
63.5394,67.0701,68.8377,70.2963,71.3234,72.3375,72.3845,72.4723,72.424,72.2598,72.1829,72.1709,72.1768,72.4658,72.3813,
67.7586,71.4298,72.1834,72.7775,72.2927,72.3201,72.25,72.6962,72.5056,72.8176,72.7077,73.0941,73.0283,72.9416,73.1937,
62.1957,66.9355,69.7013,70.7689,71.4252,71.8008,72.0122,72.1195,72.3425,72.9025,72.8618,72.7396,72.8319,72.4883,72.8524,
66.497,71.3279,71.9066,73.4727,73.6993,73.4893,73.5559,73.5517,73.285,73.3732,73.6423,73.6684,73.6405,73.6476,73.6103,
65.4096,69.4215,68.7903,69.769,70.3697,70.776,71.069,71.0372,71.3956,71.8497,71.7357,71.8813,72.2289,72.1558,72.1897,
66.875,69.8458,70.7618,71.3814,71.8822,72.3593,72.5533,72.0189,72.2989,72.8414,72.7678,72.9364,73.1125,73.1263,73.3386,
64.3986,69.9068,71.4783,72.1865,72.2405,72.6969,72.9047,72.9016,73.1599,73.1104,73.5389,73.4835,73.4865,73.5509,73.6646,73.6557,
66.4528,69.9068,71.0046,72.1865,71.908,72.2069,72.1532,72.113,71.8057,72.0775,72.1876,72.3842,72.3254,72.2452,72.6513,72.5206,
59.7076,65.1264,68.4451,69.2616,69.7221,69.9345,69.975,70.7482,71.0461,71.124,71.1142,71.4958,71.5689,71.8669,72.0718,72.0438,
66.167,68.506,70.3634,70.9257,71.3488,72.0465,71.9567,72.4362,72.4619,72.5876,72.9609,72.9364,73.0632,73.0958,72.9392,73.1088,
63.0188,68.424,69.8474,70.8817,71.6812,72.1896,72.1979,72.126,71.909,72.443,72.5973,72.4629,72.2691,72.5974,72.7006,72.8176,
66.7633,68.9191,70.1906,71.0959,71.8151,72.5124,72.5045,72.7359,73.2969,73.1906,73.3574,73.014,73.3,73.3005,73.2867,73.2477,
66.1232,69.919,70.4792,71.9334,71.8305,72.7013,72.8781,72.6137,72.8077,72.985,73.1696,73.074,72.9606,72.8941,73.0066,73.0787,
65.7537,69.9068,70.8035,71.772,72.0323,72.3462,72.9351,73.008,73.0411,73.089,73.3623,73.3936,73.3869,73.5818,73.3189,73.3182,
67.3933,71.3279,72.7435,73.798,74.2244,73.9969,73.3708,73.2017,73.3327,73.4595,73.289,73.2368,73.5905,73.5084,73.4086,73.4832,
64.3158,69.4697,70.0431,71.5922,71.846,72.1548,72.7078,72.5709,72.3716,72.6747,72.5207,72.6208,72.8196,72.9454,72.7994,72.6062,
66.8079,71.4043,73.51,73.2439,73.8626,73.6246,73.5481,73.2487,73.1599,73.5189,73.6373,73.7001,73.6197,73.8925,73.8968,73.9279,
67.7127,70.2999,71.6148,71.9787,72.3659,72.5913,72.8137,72.9814,73.0648,73.4325,73.4015,73.3936,73.5031,73.52,73.3046,73.1305,
66.167,69.3613,70.562,70.7751,71.635,71.7021,72.6738,72.8584,73.05,72.9052,72.5375,72.4957,72.7687,72.7312,72.84,72.763,
60.1024,66.0512,68.4919,69.8299,70.3796,70.8178,71.134,71.2206,71.6742,71.7105,71.9468,72.1796,72.1848,72.2191,72.5143,72.7084,
67.5754,69.7362,71.2238,71.477,72.1675,72.8115,72.9427,73.1482,73.3089,73.073,73.0748,73.488,73.4907,73.4005,73.423,73.5913,
67.9427,72.7815,73.9631,73.9617,73.5692,73.5253,73.6178,73.6872,73.0471,73.0303,73.289,73.2547,73.2257,73.4159,73.2366,73.1472,
65.6242,70.1274,70.6867,71.1718,72.2509,72.1462,72.1607,72.3805,72.8578,72.3749,72.3443,72.4235,72.1848,72.4283,72.5283,72.6556,
61.9069,66.2372,68.6251,69.3036,70.069,70.3239,70.422,70.9711,71.3588,71.672,71.8927,72.5308,72.4443,72.5353,72.446,72.6045,
69.2603,70.9232,71.9756,72.4611,73.3533,74.1065,74.4635,75.0138,74.9199,75.0472,74.5607,74.9008,74.8618,74.7965,74.7847,74.9566,
60.1024,67.0252,69.9614,70.6189,71.1812,71.8696,71.4827,71.912,72.1106,72.4378,72.4014,72.7926,72.8972,72.8505,72.7958,73.067,
59.9762,65.8013,68.0646,68.9691,70.1476,70.9895,71.4864,71.5807,71.9521,71.8161,71.8739,71.8017,71.8994,72.1465,72.2089,72.2765,
64.7321,69.2292,71.2069,72.2909,72.745,72.8381,73.1485,73.8436,73.7595,73.6488,73.5585,73.5375,73.5197,73.52,73.3906,73.4933,
65.9488,68.5765,69.564,70.7626,71.9546,72.0379,72.5759,72.3772,72.2235,72.3095,72.6669,72.4213,72.4402,72.5466,72.5266,72.391,
64.1096,68.3071,68.8693,70.3705,70.7381,71.0862,71.2209,71.6287,71.583,71.7517,71.8153,72.0755,72.3939,72.5184,72.7111,72.6556,
63.5394,67.0701,68.8377,70.2963,71.3234,72.3375,72.3845,72.4723,72.424,72.2598,72.1829,72.1709,72.1768,72.4658,72.3813,72.6358,
67.7586,71.4298,72.1834,72.7775,72.2927,72.3201,72.25,72.6962,72.5056,72.8176,72.7077,73.0941,73.0283,72.9416,73.1937,73.0004,
62.1957,66.9355,69.7013,70.7689,71.4252,71.8008,72.0122,72.1195,72.3425,72.9025,72.8618,72.7396,72.8319,72.4883,72.8524,72.9604,
66.497,71.3279,71.9066,73.4727,73.6993,73.4893,73.5559,73.5517,73.285,73.3732,73.6423,73.6684,73.6405,73.6476,73.6103,73.5913,
65.4096,69.4215,68.7903,69.769,70.3697,70.776,71.069,71.0372,71.3956,71.8497,71.7357,71.8813,72.2289,72.1558,72.1897,72.2325,
66.875,69.8458,70.7618,71.3814,71.8822,72.3593,72.5533,72.0189,72.2989,72.8414,72.7678,72.9364,73.1125,73.1263,73.3386,73.2963,
64.3986,69.9068,71.4783,72.1865,72.2405,72.6969,72.9047,72.9016,73.1599,73.1104,73.5389,73.4835,73.4865,73.5509,73.6646,73.6557,
66.4528,69.9068,71.0046,72.1865,71.908,72.2069,72.1532,72.113,71.8057,72.0775,72.1876,72.3842,72.3254,72.2452,72.6513,72.5206,
59.7076,65.1264,68.4451,69.2616,69.7221,69.9345,69.975,70.7482,71.0461,71.124,71.1142,71.4958,71.5689,71.8669,72.0718,72.0438,
66.167,68.506,70.3634,70.9257,71.3488,72.0465,71.9567,72.4362,72.4619,72.5876,72.9609,72.9364,73.0632,73.0958,72.9392,73.1088,
63.0188,68.424,69.8474,70.8817,71.6812,72.1896,72.1979,72.126,71.909,72.443,72.5973,72.4629,72.2691,72.5974,72.7006,72.8176,
66.7633,68.9191,70.1906,71.0959,71.8151,72.5124,72.5045,72.7359,73.2969,73.1906,73.3574,73.014,73.3,73.3005,73.2867,73.2477,
66.1232,69.919,70.4792,71.9334,71.8305,72.7013,72.8781,72.6137,72.8077,72.985,73.1696,73.074,72.9606,72.8941,73.0066,73.0787,
65.7537,69.9068,70.8035,71.772,72.0323,72.3462,72.9351,73.008,73.0411,73.089,73.3623,73.3936,73.3869,73.5818,73.3189,73.3182,
67.3933,71.3279,72.7435,73.798,74.2244,73.9969,73.3708,73.2017,73.3327,73.4595,73.289,73.2368,73.5905,73.5084,73.4086,73.4832,
64.3158,69.4697,70.0431,71.5922,71.846,72.1548,72.7078,72.5709,72.3716,72.6747,72.5207,72.6208,72.8196,72.9454,72.7994,72.6062,
66.8079,71.4043,73.51,73.2439,73.8626,73.6246,73.5481,73.2487,73.1599,73.5189,73.6373,73.7001,73.6197,73.8925,73.8968,73.9279,
67.7127,70.2999,71.6148,71.9787,72.3659,72.5913,72.8137,72.9814,73.0648,73.4325,73.4015,73.3936,73.5031,73.52,73.3046,73.1305,
66.167,69.3613,70.562,70.7751,71.635,71.7021,72.6738,72.8584,73.05,72.9052,72.5375,72.4957,72.7687,72.7312,72.84,72.763,
60.1024,66.0512,68.4919,69.8299,70.3796,70.8178,71.134,71.2206,71.6742,71.7105,71.9468,72.1796,72.1848,72.2191,72.5143,72.7084,
67.5754,69.7362,71.2238,71.477,72.1675,72.8115,72.9427,73.1482,73.3089,73.073,73.0748,73.488,73.4907,73.4005,73.423,73.5913,
67.9427,72.7815,73.9631,73.9617,73.5692,73.5253,73.6178,73.6872,73.0471,73.0303,73.289,73.2547,73.2257,73.4159,73.2366,73.1472,
65.6242,70.1274,70.6867,71.1718,72.2509,72.1462,72.1607,72.3805,72.8578,72.3749,72.3443,72.4235,72.1848,72.4283,72.5283,72.6556,
61.9069,66.2372,68.6251,69.3036,70.069,70.3239,70.422,70.9711,71.3588,71.672,71.8927,72.5308,72.4443,72.5353,72.446,72.6045,
69.2603,70.9232,71.9756,72.4611,73.3533,74.1065,74.4635,75.0138,74.9199,75.0472,74.5607,74.9008,74.8618,74.7965,74.7847,74.9566,
60.1024,67.0252,69.9614,70.6189,71.1812,71.8696,71.4827,71.912,72.1106,72.4378,72.4014,72.7926,72.8972,72.8505,72.7958,73.067,
59.9762,65.8013,68.0646,68.9691,70.1476,70.9895,71.4864,71.5807,71.9521,71.8161,71.8739,71.8017,71.8994,72.1465,72.2089,72.2765,
64.7321,69.2292,71.2069,72.2909,72.745,72.8381,73.1485,73.8436,73.7595,73.6488,73.5585,73.5375,73.5197,73.52,73.3906,73.4933,
65.9488,68.5765,69.564,70.7626,71.9546,72.0379,72.5759,72.3772,72.2235,72.3095,72.6669,72.4213,72.4402,72.5466,72.5266,72.391,
64.1096,68.3071,68.8693,70.3705,70.7381,71.0862,71.2209,71.6287,71.583,71.7517,71.8153,72.0755,72.3939,72.5184,72.7111,72.6556,
63.5394,67.0701,68.8377,70.2963,71.3234,72.3375,72.3845,72.4723,72.424,72.2598,72.1829,72.1709,72.1768,72.4658,72.3813,72.6358,
67.7586,71.4298,72.1834,72.7775,72.2927,72.3201,72.25,72.6962,72.5056,72.8176,72.7077,73.0941,73.0283,72.9416,73.1937,73.0004,
62.1957,66.9355,69.7013,70.7689,71.4252,71.8008,72.0122,72.1195,72.3425,72.9025,72.8618,72.7396,72.8319,72.4883,72.8524,72.9604,
66.497,71.3279,71.9066,73.4727,73.6993,73.4893,73.5559,73.5517,73.285,73.3732,73.6423,73.6684,73.6405,73.6476,73.6103,73.5913,
65.4096,69.4215,68.7903,69.769,70.3697,70.776,71.069,71.0372,71.3956,71.8497,71.7357,71.8813,72.2289,72.1558,72.1897,72.2325,
66.875,69.8458,70.7618,71.3814,71.8822,72.3593,72.5533,72.0189,72.2989,72.8414,72.7678,72.9364,73.1125,73.1263,73.3386,73.2963,
64.3986,69.9068,71.4783,72.1865,72.2405,72.6969,72.9047,72.9016,73.1599,73.1104,73.5389,73.4835,73.4865,73.5509,73.6646,73.6557,73.6734,
66.4528,69.9068,71.0046,72.1865,71.908,72.2069,72.1532,72.113,71.8057,72.0775,72.1876,72.3842,72.3254,72.2452,72.6513,72.5206,72.7901,
59.7076,65.1264,68.4451,69.2616,69.7221,69.9345,69.975,70.7482,71.0461,71.124,71.1142,71.4958,71.5689,71.8669,72.0718,72.0438,72.2641,
66.167,68.506,70.3634,70.9257,71.3488,72.0465,71.9567,72.4362,72.4619,72.5876,72.9609,72.9364,73.0632,73.0958,72.9392,73.1088,73.0953,
63.0188,68.424,69.8474,70.8817,71.6812,72.1896,72.1979,72.126,71.909,72.443,72.5973,72.4629,72.2691,72.5974,72.7006,72.8176,72.9212,
66.7633,68.9191,70.1906,71.0959,71.8151,72.5124,72.5045,72.7359,73.2969,73.1906,73.3574,73.014,73.3,73.3005,73.2867,73.2477,73.327,
66.1232,69.919,70.4792,71.9334,71.8305,72.7013,72.8781,72.6137,72.8077,72.985,73.1696,73.074,72.9606,72.8941,73.0066,73.0787,73.1802,
65.7537,69.9068,70.8035,71.772,72.0323,72.3462,72.9351,73.008,73.0411,73.089,73.3623,73.3936,73.3869,73.5818,73.3189,73.3182,73.4823,
67.3933,71.3279,72.7435,73.798,74.2244,73.9969,73.3708,73.2017,73.3327,73.4595,73.289,73.2368,73.5905,73.5084,73.4086,73.4832,73.4347,
64.3158,69.4697,70.0431,71.5922,71.846,72.1548,72.7078,72.5709,72.3716,72.6747,72.5207,72.6208,72.8196,72.9454,72.7994,72.6062,72.8088,
66.8079,71.4043,73.51,73.2439,73.8626,73.6246,73.5481,73.2487,73.1599,73.5189,73.6373,73.7001,73.6197,73.8925,73.8968,73.9279,73.9168,
67.7127,70.2999,71.6148,71.9787,72.3659,72.5913,72.8137,72.9814,73.0648,73.4325,73.4015,73.3936,73.5031,73.52,73.3046,73.1305,72.9275,
66.167,69.3613,70.562,70.7751,71.635,71.7021,72.6738,72.8584,73.05,72.9052,72.5375,72.4957,72.7687,72.7312,72.84,72.763,72.7574,
60.1024,66.0512,68.4919,69.8299,70.3796,70.8178,71.134,71.2206,71.6742,71.7105,71.9468,72.1796,72.1848,72.2191,72.5143,72.7084,72.4705,
67.5754,69.7362,71.2238,71.477,72.1675,72.8115,72.9427,73.1482,73.3089,73.073,73.0748,73.488,73.4907,73.4005,73.423,73.5913,73.5618,
67.9427,72.7815,73.9631,73.9617,73.5692,73.5253,73.6178,73.6872,73.0471,73.0303,73.289,73.2547,73.2257,73.4159,73.2366,73.1472,73.1188,
65.6242,70.1274,70.6867,71.1718,72.2509,72.1462,72.1607,72.3805,72.8578,72.3749,72.3443,72.4235,72.1848,72.4283,72.5283,72.6556,72.9056,
61.9069,66.2372,68.6251,69.3036,70.069,70.3239,70.422,70.9711,71.3588,71.672,71.8927,72.5308,72.4443,72.5353,72.446,72.6045,72.5215,
69.2603,70.9232,71.9756,72.4611,73.3533,74.1065,74.4635,75.0138,74.9199,75.0472,74.5607,74.9008,74.8618,74.7965,74.7847,74.9566,74.739,
60.1024,67.0252,69.9614,70.6189,71.1812,71.8696,71.4827,71.912,72.1106,72.4378,72.4014,72.7926,72.8972,72.8505,72.7958,73.067,73.0811,
59.9762,65.8013,68.0646,68.9691,70.1476,70.9895,71.4864,71.5807,71.9521,71.8161,71.8739,71.8017,71.8994,72.1465,72.2089,72.2765,72.2012,
64.7321,69.2292,71.2069,72.2909,72.745,72.8381,73.1485,73.8436,73.7595,73.6488,73.5585,73.5375,73.5197,73.52,73.3906,73.4933,73.4823,
65.9488,68.5765,69.564,70.7626,71.9546,72.0379,72.5759,72.3772,72.2235,72.3095,72.6669,72.4213,72.4402,72.5466,72.5266,72.391,72.4196,
64.1096,68.3071,68.8693,70.3705,70.7381,71.0862,71.2209,71.6287,71.583,71.7517,71.8153,72.0755,72.3939,72.5184,72.7111,72.6556,72.8681,
63.5394,67.0701,68.8377,70.2963,71.3234,72.3375,72.3845,72.4723,72.424,72.2598,72.1829,72.1709,72.1768,72.4658,72.3813,72.6358,72.7123,
67.7586,71.4298,72.1834,72.7775,72.2927,72.3201,72.25,72.6962,72.5056,72.8176,72.7077,73.0941,73.0283,72.9416,73.1937,73.0004,72.9807,
62.1957,66.9355,69.7013,70.7689,71.4252,71.8008,72.0122,72.1195,72.3425,72.9025,72.8618,72.7396,72.8319,72.4883,72.8524,72.9604,73.144,
66.497,71.3279,71.9066,73.4727,73.6993,73.4893,73.5559,73.5517,73.285,73.3732,73.6423,73.6684,73.6405,73.6476,73.6103,73.5913,73.6893,
65.4096,69.4215,68.7903,69.769,70.3697,70.776,71.069,71.0372,71.3956,71.8497,71.7357,71.8813,72.2289,72.1558,72.1897,72.2325,72.3933,
66.875,69.8458,70.7618,71.3814,71.8822,72.3593,72.5533,72.0189,72.2989,72.8414,72.7678,72.9364,73.1125,73.1263,73.3386,73.2963,73.2464,
64.3986,69.9068,71.4783,72.1865,72.2405,72.6969,72.9047,72.9016,73.1599,73.1104,73.5389,73.4835,73.4865,73.5509,73.6646,73.6557,73.6734,
66.4528,69.9068,71.0046,72.1865,71.908,72.2069,72.1532,72.113,71.8057,72.0775,72.1876,72.3842,72.3254,72.2452,72.6513,72.5206,72.7901,
59.7076,65.1264,68.4451,69.2616,69.7221,69.9345,69.975,70.7482,71.0461,71.124,71.1142,71.4958,71.5689,71.8669,72.0718,72.0438,72.2641,
66.167,68.506,70.3634,70.9257,71.3488,72.0465,71.9567,72.4362,72.4619,72.5876,72.9609,72.9364,73.0632,73.0958,72.9392,73.1088,73.0953,
63.0188,68.424,69.8474,70.8817,71.6812,72.1896,72.1979,72.126,71.909,72.443,72.5973,72.4629,72.2691,72.5974,72.7006,72.8176,72.9212,
66.7633,68.9191,70.1906,71.0959,71.8151,72.5124,72.5045,72.7359,73.2969,73.1906,73.3574,73.014,73.3,73.3005,73.2867,73.2477,73.327,
66.1232,69.919,70.4792,71.9334,71.8305,72.7013,72.8781,72.6137,72.8077,72.985,73.1696,73.074,72.9606,72.8941,73.0066,73.0787,73.1802,
65.7537,69.9068,70.8035,71.772,72.0323,72.3462,72.9351,73.008,73.0411,73.089,73.3623,73.3936,73.3869,73.5818,73.3189,73.3182,73.4823,
67.3933,71.3279,72.7435,73.798,74.2244,73.9969,73.3708,73.2017,73.3327,73.4595,73.289,73.2368,73.5905,73.5084,73.4086,73.4832,73.4347,
64.3158,69.4697,70.0431,71.5922,71.846,72.1548,72.7078,72.5709,72.3716,72.6747,72.5207,72.6208,72.8196,72.9454,72.7994,72.6062,72.8088,
66.8079,71.4043,73.51,73.2439,73.8626,73.6246,73.5481,73.2487,73.1599,73.5189,73.6373,73.7001,73.6197,73.8925,73.8968,73.9279,73.9168,
67.7127,70.2999,71.6148,71.9787,72.3659,72.5913,72.8137,72.9814,73.0648,73.4325,73.4015,73.3936,73.5031,73.52,73.3046,73.1305,72.9275,
66.167,69.3613,70.562,70.7751,71.635,71.7021,72.6738,72.8584,73.05,72.9052,72.5375,72.4957,72.7687,72.7312,72.84,72.763,72.7574,
60.1024,66.0512,68.4919,69.8299,70.3796,70.8178,71.134,71.2206,71.6742,71.7105,71.9468,72.1796,72.1848,72.2191,72.5143,72.7084,72.4705,
67.5754,69.7362,71.2238,71.477,72.1675,72.8115,72.9427,73.1482,73.3089,73.073,73.0748,73.488,73.4907,73.4005,73.423,73.5913,73.5618,
67.9427,72.7815,73.9631,73.9617,73.5692,73.5253,73.6178,73.6872,73.0471,73.0303,73.289,73.2547,73.2257,73.4159,73.2366,73.1472,73.1188,
65.6242,70.1274,70.6867,71.1718,72.2509,72.1462,72.1607,72.3805,72.8578,72.3749,72.3443,72.4235,72.1848,72.4283,72.5283,72.6556,72.9056,
61.9069,66.2372,68.6251,69.3036,70.069,70.3239,70.422,70.9711,71.3588,71.672,71.8927,72.5308,72.4443,72.5353,72.446,72.6045,72.5215,
69.2603,70.9232,71.9756,72.4611,73.3533,74.1065,74.4635,75.0138,74.9199,75.0472,74.5607,74.9008,74.8618,74.7965,74.7847,74.9566,74.739,
60.1024,67.0252,69.9614,70.6189,71.1812,71.8696,71.4827,71.912,72.1106,72.4378,72.4014,72.7926,72.8972,72.8505,72.7958,73.067,73.0811,
59.9762,65.8013,68.0646,68.9691,70.1476,70.9895,71.4864,71.5807,71.9521,71.8161,71.8739,71.8017,71.8994,72.1465,72.2089,72.2765,72.2012,
64.7321,69.2292,71.2069,72.2909,72.745,72.8381,73.1485,73.8436,73.7595,73.6488,73.5585,73.5375,73.5197,73.52,73.3906,73.4933,73.4823,
65.9488,68.5765,69.564,70.7626,71.9546,72.0379,72.5759,72.3772,72.2235,72.3095,72.6669,72.4213,72.4402,72.5466,72.5266,72.391,72.4196,
64.1096,68.3071,68.8693,70.3705,70.7381,71.0862,71.2209,71.6287,71.583,71.7517,71.8153,72.0755,72.3939,72.5184,72.7111,72.6556,72.8681,
63.5394,67.0701,68.8377,70.2963,71.3234,72.3375,72.3845,72.4723,72.424,72.2598,72.1829,72.1709,72.1768,72.4658,72.3813,72.6358,72.7123,
67.7586,71.4298,72.1834,72.7775,72.2927,72.3201,72.25,72.6962,72.5056,72.8176,72.7077,73.0941,73.0283,72.9416,73.1937,73.0004,72.9807,
62.1957,66.9355,69.7013,70.7689,71.4252,71.8008,72.0122,72.1195,72.3425,72.9025,72.8618,72.7396,72.8319,72.4883,72.8524,72.9604,73.144,
66.497,71.3279,71.9066,73.4727,73.6993,73.4893,73.5559,73.5517,73.285,73.3732,73.6423,73.6684,73.6405,73.6476,73.6103,73.5913,73.6893,
65.4096,69.4215,68.7903,69.769,70.3697,70.776,71.069,71.0372,71.3956,71.8497,71.7357,71.8813,72.2289,72.1558,72.1897,72.2325,72.3933,
66.875,69.8458,70.7618,71.3814,71.8822,72.3593,72.5533,72.0189,72.2989,72.8414,72.7678,72.9364,73.1125,73.1263,73.3386,73.2963,73.2464,
64.3986,69.9068,71.4783,72.1865,72.2405,72.6969,72.9047,72.9016,73.1599,73.1104,73.5389,73.4835,73.4865,73.5509,73.6646,73.6557,73.6734,73.6529,
66.4528,69.9068,71.0046,72.1865,71.908,72.2069,72.1532,72.113,71.8057,72.0775,72.1876,72.3842,72.3254,72.2452,72.6513,72.5206,72.7901,72.7127,
59.7076,65.1264,68.4451,69.2616,69.7221,69.9345,69.975,70.7482,71.0461,71.124,71.1142,71.4958,71.5689,71.8669,72.0718,72.0438,72.2641,72.3445,
66.167,68.506,70.3634,70.9257,71.3488,72.0465,71.9567,72.4362,72.4619,72.5876,72.9609,72.9364,73.0632,73.0958,72.9392,73.1088,73.0953,73.107,
63.0188,68.424,69.8474,70.8817,71.6812,72.1896,72.1979,72.126,71.909,72.443,72.5973,72.4629,72.2691,72.5974,72.7006,72.8176,72.9212,73.0847,
66.7633,68.9191,70.1906,71.0959,71.8151,72.5124,72.5045,72.7359,73.2969,73.1906,73.3574,73.014,73.3,73.3005,73.2867,73.2477,73.327,73.1114,
66.1232,69.919,70.4792,71.9334,71.8305,72.7013,72.8781,72.6137,72.8077,72.985,73.1696,73.074,72.9606,72.8941,73.0066,73.0787,73.1802,73.0565,
65.7537,69.9068,70.8035,71.772,72.0323,72.3462,72.9351,73.008,73.0411,73.089,73.3623,73.3936,73.3869,73.5818,73.3189,73.3182,73.4823,73.4725,
67.3933,71.3279,72.7435,73.798,74.2244,73.9969,73.3708,73.2017,73.3327,73.4595,73.289,73.2368,73.5905,73.5084,73.4086,73.4832,73.4347,73.3797,
64.3158,69.4697,70.0431,71.5922,71.846,72.1548,72.7078,72.5709,72.3716,72.6747,72.5207,72.6208,72.8196,72.9454,72.7994,72.6062,72.8088,72.9781,
66.8079,71.4043,73.51,73.2439,73.8626,73.6246,73.5481,73.2487,73.1599,73.5189,73.6373,73.7001,73.6197,73.8925,73.8968,73.9279,73.9168,74.1261,
67.7127,70.2999,71.6148,71.9787,72.3659,72.5913,72.8137,72.9814,73.0648,73.4325,73.4015,73.3936,73.5031,73.52,73.3046,73.1305,72.9275,73.1144,
66.167,69.3613,70.562,70.7751,71.635,71.7021,72.6738,72.8584,73.05,72.9052,72.5375,72.4957,72.7687,72.7312,72.84,72.763,72.7574,72.6702,
60.1024,66.0512,68.4919,69.8299,70.3796,70.8178,71.134,71.2206,71.6742,71.7105,71.9468,72.1796,72.1848,72.2191,72.5143,72.7084,72.4705,72.657,
67.5754,69.7362,71.2238,71.477,72.1675,72.8115,72.9427,73.1482,73.3089,73.073,73.0748,73.488,73.4907,73.4005,73.423,73.5913,73.5618,73.4396,
67.9427,72.7815,73.9631,73.9617,73.5692,73.5253,73.6178,73.6872,73.0471,73.0303,73.289,73.2547,73.2257,73.4159,73.2366,73.1472,73.1188,73.1887,
65.6242,70.1274,70.6867,71.1718,72.2509,72.1462,72.1607,72.3805,72.8578,72.3749,72.3443,72.4235,72.1848,72.4283,72.5283,72.6556,72.9056,72.7627,
61.9069,66.2372,68.6251,69.3036,70.069,70.3239,70.422,70.9711,71.3588,71.672,71.8927,72.5308,72.4443,72.5353,72.446,72.6045,72.5215,72.5998,
69.2603,70.9232,71.9756,72.4611,73.3533,74.1065,74.4635,75.0138,74.9199,75.0472,74.5607,74.9008,74.8618,74.7965,74.7847,74.9566,74.739,74.5467,
60.1024,67.0252,69.9614,70.6189,71.1812,71.8696,71.4827,71.912,72.1106,72.4378,72.4014,72.7926,72.8972,72.8505,72.7958,73.067,73.0811,72.9514,
59.9762,65.8013,68.0646,68.9691,70.1476,70.9895,71.4864,71.5807,71.9521,71.8161,71.8739,71.8017,71.8994,72.1465,72.2089,72.2765,72.2012,72.4246,
64.7321,69.2292,71.2069,72.2909,72.745,72.8381,73.1485,73.8436,73.7595,73.6488,73.5585,73.5375,73.5197,73.52,73.3906,73.4933,73.4823,73.4605,
65.9488,68.5765,69.564,70.7626,71.9546,72.0379,72.5759,72.3772,72.2235,72.3095,72.6669,72.4213,72.4402,72.5466,72.5266,72.391,72.4196,72.5033,
64.1096,68.3071,68.8693,70.3705,70.7381,71.0862,71.2209,71.6287,71.583,71.7517,71.8153,72.0755,72.3939,72.5184,72.7111,72.6556,72.8681,72.9396,
63.5394,67.0701,68.8377,70.2963,71.3234,72.3375,72.3845,72.4723,72.424,72.2598,72.1829,72.1709,72.1768,72.4658,72.3813,72.6358,72.7123,72.6042,
67.7586,71.4298,72.1834,72.7775,72.2927,72.3201,72.25,72.6962,72.5056,72.8176,72.7077,73.0941,73.0283,72.9416,73.1937,73.0004,72.9807,73.0225,
62.1957,66.9355,69.7013,70.7689,71.4252,71.8008,72.0122,72.1195,72.3425,72.9025,72.8618,72.7396,72.8319,72.4883,72.8524,72.9604,73.144,73.308,
66.497,71.3279,71.9066,73.4727,73.6993,73.4893,73.5559,73.5517,73.285,73.3732,73.6423,73.6684,73.6405,73.6476,73.6103,73.5913,73.6893,74.0072,
65.4096,69.4215,68.7903,69.769,70.3697,70.776,71.069,71.0372,71.3956,71.8497,71.7357,71.8813,72.2289,72.1558,72.1897,72.2325,72.3933,72.4552,
66.875,69.8458,70.7618,71.3814,71.8822,72.3593,72.5533,72.0189,72.2989,72.8414,72.7678,72.9364,73.1125,73.1263,73.3386,73.2963,73.2464,73.2975,
64.3986,69.9068,71.4783,72.1865,72.2405,72.6969,72.9047,72.9016,73.1599,73.1104,73.5389,73.4835,73.4865,73.5509,73.6646,73.6557,73.6734,73.6529,
66.4528,69.9068,71.0046,72.1865,71.908,72.2069,72.1532,72.113,71.8057,72.0775,72.1876,72.3842,72.3254,72.2452,72.6513,72.5206,72.7901,72.7127,
59.7076,65.1264,68.4451,69.2616,69.7221,69.9345,69.975,70.7482,71.0461,71.124,71.1142,71.4958,71.5689,71.8669,72.0718,72.0438,72.2641,72.3445,
66.167,68.506,70.3634,70.9257,71.3488,72.0465,71.9567,72.4362,72.4619,72.5876,72.9609,72.9364,73.0632,73.0958,72.9392,73.1088,73.0953,73.107,
63.0188,68.424,69.8474,70.8817,71.6812,72.1896,72.1979,72.126,71.909,72.443,72.5973,72.4629,72.2691,72.5974,72.7006,72.8176,72.9212,73.0847,
66.7633,68.9191,70.1906,71.0959,71.8151,72.5124,72.5045,72.7359,73.2969,73.1906,73.3574,73.014,73.3,73.3005,73.2867,73.2477,73.327,73.1114,
66.1232,69.919,70.4792,71.9334,71.8305,72.7013,72.8781,72.6137,72.8077,72.985,73.1696,73.074,72.9606,72.8941,73.0066,73.0787,73.1802,73.0565,
65.7537,69.9068,70.8035,71.772,72.0323,72.3462,72.9351,73.008,73.0411,73.089,73.3623,73.3936,73.3869,73.5818,73.3189,73.3182,73.4823,73.4725,
67.3933,71.3279,72.7435,73.798,74.2244,73.9969,73.3708,73.2017,73.3327,73.4595,73.289,73.2368,73.5905,73.5084,73.4086,73.4832,73.4347,73.3797,
64.3158,69.4697,70.0431,71.5922,71.846,72.1548,72.7078,72.5709,72.3716,72.6747,72.5207,72.6208,72.8196,72.9454,72.7994,72.6062,72.8088,72.9781,
66.8079,71.4043,73.51,73.2439,73.8626,73.6246,73.5481,73.2487,73.1599,73.5189,73.6373,73.7001,73.6197,73.8925,73.8968,73.9279,73.9168,74.1261,
67.7127,70.2999,71.6148,71.9787,72.3659,72.5913,72.8137,72.9814,73.0648,73.4325,73.4015,73.3936,73.5031,73.52,73.3046,73.1305,72.9275,73.1144,
66.167,69.3613,70.562,70.7751,71.635,71.7021,72.6738,72.8584,73.05,72.9052,72.5375,72.4957,72.7687,72.7312,72.84,72.763,72.7574,72.6702,
60.1024,66.0512,68.4919,69.8299,70.3796,70.8178,71.134,71.2206,71.6742,71.7105,71.9468,72.1796,72.1848,72.2191,72.5143,72.7084,72.4705,72.657,
67.5754,69.7362,71.2238,71.477,72.1675,72.8115,72.9427,73.1482,73.3089,73.073,73.0748,73.488,73.4907,73.4005,73.423,73.5913,73.5618,73.4396,
67.9427,72.7815,73.9631,73.9617,73.5692,73.5253,73.6178,73.6872,73.0471,73.0303,73.289,73.2547,73.2257,73.4159,73.2366,73.1472,73.1188,73.1887,
65.6242,70.1274,70.6867,71.1718,72.2509,72.1462,72.1607,72.3805,72.8578,72.3749,72.3443,72.4235,72.1848,72.4283,72.5283,72.6556,72.9056,72.7627,
61.9069,66.2372,68.6251,69.3036,70.069,70.3239,70.422,70.9711,71.3588,71.672,71.8927,72.5308,72.4443,72.5353,72.446,72.6045,72.5215,72.5998,
69.2603,70.9232,71.9756,72.4611,73.3533,74.1065,74.4635,75.0138,74.9199,75.0472,74.5607,74.9008,74.8618,74.7965,74.7847,74.9566,74.739,74.5467,
60.1024,67.0252,69.9614,70.6189,71.1812,71.8696,71.4827,71.912,72.1106,72.4378,72.4014,72.7926,72.8972,72.8505,72.7958,73.067,73.0811,72.9514,
59.9762,65.8013,68.0646,68.9691,70.1476,70.9895,71.4864,71.5807,71.9521,71.8161,71.8739,71.8017,71.8994,72.1465,72.2089,72.2765,72.2012,72.4246,
64.7321,69.2292,71.2069,72.2909,72.745,72.8381,73.1485,73.8436,73.7595,73.6488,73.5585,73.5375,73.5197,73.52,73.3906,73.4933,73.4823,73.4605,
65.9488,68.5765,69.564,70.7626,71.9546,72.0379,72.5759,72.3772,72.2235,72.3095,72.6669,72.4213,72.4402,72.5466,72.5266,72.391,72.4196,72.5033,
64.1096,68.3071,68.8693,70.3705,70.7381,71.0862,71.2209,71.6287,71.583,71.7517,71.8153,72.0755,72.3939,72.5184,72.7111,72.6556,72.8681,72.9396,
63.5394,67.0701,68.8377,70.2963,71.3234,72.3375,72.3845,72.4723,72.424,72.2598,72.1829,72.1709,72.1768,72.4658,72.3813,72.6358,72.7123,72.6042,
67.7586,71.4298,72.1834,72.7775,72.2927,72.3201,72.25,72.6962,72.5056,72.8176,72.7077,73.0941,73.0283,72.9416,73.1937,73.0004,72.9807,73.0225,
62.1957,66.9355,69.7013,70.7689,71.4252,71.8008,72.0122,72.1195,72.3425,72.9025,72.8618,72.7396,72.8319,72.4883,72.8524,72.9604,73.144,73.308,
66.497,71.3279,71.9066,73.4727,73.6993,73.4893,73.5559,73.5517,73.285,73.3732,73.6423,73.6684,73.6405,73.6476,73.6103,73.5913,73.6893,74.0072,
65.4096,69.4215,68.7903,69.769,70.3697,70.776,71.069,71.0372,71.3956,71.8497,71.7357,71.8813,72.2289,72.1558,72.1897,72.2325,72.3933,72.4552,
66.875,69.8458,70.7618,71.3814,71.8822,72.3593,72.5533,72.0189,72.2989,72.8414,72.7678,72.9364,73.1125,73.1263,73.3386,73.2963,73.2464,73.2975,
64.3986,69.9068,71.4783,72.1865,72.2405,72.6969,72.9047,72.9016,73.1599,73.1104,73.5389,73.4835,73.4865,73.5509,73.6646,73.6557,73.6734,73.6529,73.6803,
66.4528,69.9068,71.0046,72.1865,71.908,72.2069,72.1532,72.113,71.8057,72.0775,72.1876,72.3842,72.3254,72.2452,72.6513,72.5206,72.7901,72.7127,72.9113,
59.7076,65.1264,68.4451,69.2616,69.7221,69.9345,69.975,70.7482,71.0461,71.124,71.1142,71.4958,71.5689,71.8669,72.0718,72.0438,72.2641,72.3445,72.4497,
66.167,68.506,70.3634,70.9257,71.3488,72.0465,71.9567,72.4362,72.4619,72.5876,72.9609,72.9364,73.0632,73.0958,72.9392,73.1088,73.0953,73.107,73.2528,
63.0188,68.424,69.8474,70.8817,71.6812,72.1896,72.1979,72.126,71.909,72.443,72.5973,72.4629,72.2691,72.5974,72.7006,72.8176,72.9212,73.0847,73.1076,
66.7633,68.9191,70.1906,71.0959,71.8151,72.5124,72.5045,72.7359,73.2969,73.1906,73.3574,73.014,73.3,73.3005,73.2867,73.2477,73.327,73.1114,73.2796,
66.1232,69.919,70.4792,71.9334,71.8305,72.7013,72.8781,72.6137,72.8077,72.985,73.1696,73.074,72.9606,72.8941,73.0066,73.0787,73.1802,73.0565,73.036,
65.7537,69.9068,70.8035,71.772,72.0323,72.3462,72.9351,73.008,73.0411,73.089,73.3623,73.3936,73.3869,73.5818,73.3189,73.3182,73.4823,73.4725,73.5548,
67.3933,71.3279,72.7435,73.798,74.2244,73.9969,73.3708,73.2017,73.3327,73.4595,73.289,73.2368,73.5905,73.5084,73.4086,73.4832,73.4347,73.3797,73.3872,
64.3158,69.4697,70.0431,71.5922,71.846,72.1548,72.7078,72.5709,72.3716,72.6747,72.5207,72.6208,72.8196,72.9454,72.7994,72.6062,72.8088,72.9781,73.0851,
66.8079,71.4043,73.51,73.2439,73.8626,73.6246,73.5481,73.2487,73.1599,73.5189,73.6373,73.7001,73.6197,73.8925,73.8968,73.9279,73.9168,74.1261,74.1751,
67.7127,70.2999,71.6148,71.9787,72.3659,72.5913,72.8137,72.9814,73.0648,73.4325,73.4015,73.3936,73.5031,73.52,73.3046,73.1305,72.9275,73.1144,73.2712,
66.167,69.3613,70.562,70.7751,71.635,71.7021,72.6738,72.8584,73.05,72.9052,72.5375,72.4957,72.7687,72.7312,72.84,72.763,72.7574,72.6702,72.6589,
60.1024,66.0512,68.4919,69.8299,70.3796,70.8178,71.134,71.2206,71.6742,71.7105,71.9468,72.1796,72.1848,72.2191,72.5143,72.7084,72.4705,72.657,72.5133,
67.5754,69.7362,71.2238,71.477,72.1675,72.8115,72.9427,73.1482,73.3089,73.073,73.0748,73.488,73.4907,73.4005,73.423,73.5913,73.5618,73.4396,73.3645,
67.9427,72.7815,73.9631,73.9617,73.5692,73.5253,73.6178,73.6872,73.0471,73.0303,73.289,73.2547,73.2257,73.4159,73.2366,73.1472,73.1188,73.1887,73.2514,
65.6242,70.1274,70.6867,71.1718,72.2509,72.1462,72.1607,72.3805,72.8578,72.3749,72.3443,72.4235,72.1848,72.4283,72.5283,72.6556,72.9056,72.7627,72.8023,
61.9069,66.2372,68.6251,69.3036,70.069,70.3239,70.422,70.9711,71.3588,71.672,71.8927,72.5308,72.4443,72.5353,72.446,72.6045,72.5215,72.5998,72.559,
69.2603,70.9232,71.9756,72.4611,73.3533,74.1065,74.4635,75.0138,74.9199,75.0472,74.5607,74.9008,74.8618,74.7965,74.7847,74.9566,74.739,74.5467,74.656,
60.1024,67.0252,69.9614,70.6189,71.1812,71.8696,71.4827,71.912,72.1106,72.4378,72.4014,72.7926,72.8972,72.8505,72.7958,73.067,73.0811,72.9514,73.2062,
59.9762,65.8013,68.0646,68.9691,70.1476,70.9895,71.4864,71.5807,71.9521,71.8161,71.8739,71.8017,71.8994,72.1465,72.2089,72.2765,72.2012,72.4246,72.338,
64.7321,69.2292,71.2069,72.2909,72.745,72.8381,73.1485,73.8436,73.7595,73.6488,73.5585,73.5375,73.5197,73.52,73.3906,73.4933,73.4823,73.4605,73.589,
65.9488,68.5765,69.564,70.7626,71.9546,72.0379,72.5759,72.3772,72.2235,72.3095,72.6669,72.4213,72.4402,72.5466,72.5266,72.391,72.4196,72.5033,72.6784,
64.1096,68.3071,68.8693,70.3705,70.7381,71.0862,71.2209,71.6287,71.583,71.7517,71.8153,72.0755,72.3939,72.5184,72.7111,72.6556,72.8681,72.9396,72.9141,
63.5394,67.0701,68.8377,70.2963,71.3234,72.3375,72.3845,72.4723,72.424,72.2598,72.1829,72.1709,72.1768,72.4658,72.3813,72.6358,72.7123,72.6042,72.7076,
67.7586,71.4298,72.1834,72.7775,72.2927,72.3201,72.25,72.6962,72.5056,72.8176,72.7077,73.0941,73.0283,72.9416,73.1937,73.0004,72.9807,73.0225,73.0262,
62.1957,66.9355,69.7013,70.7689,71.4252,71.8008,72.0122,72.1195,72.3425,72.9025,72.8618,72.7396,72.8319,72.4883,72.8524,72.9604,73.144,73.308,73.1048,
66.497,71.3279,71.9066,73.4727,73.6993,73.4893,73.5559,73.5517,73.285,73.3732,73.6423,73.6684,73.6405,73.6476,73.6103,73.5913,73.6893,74.0072,73.9355,
65.4096,69.4215,68.7903,69.769,70.3697,70.776,71.069,71.0372,71.3956,71.8497,71.7357,71.8813,72.2289,72.1558,72.1897,72.2325,72.3933,72.4552,72.389,
66.875,69.8458,70.7618,71.3814,71.8822,72.3593,72.5533,72.0189,72.2989,72.8414,72.7678,72.9364,73.1125,73.1263,73.3386,73.2963,73.2464,73.2975,73.4113,
64.3986,69.9068,71.4783,72.1865,72.2405,72.6969,72.9047,72.9016,73.1599,73.1104,73.5389,73.4835,73.4865,73.5509,73.6646,73.6557,73.6734,73.6529,73.6803,73.5532,
66.4528,69.9068,71.0046,72.1865,71.908,72.2069,72.1532,72.113,71.8057,72.0775,72.1876,72.3842,72.3254,72.2452,72.6513,72.5206,72.7901,72.7127,72.9113,73.0162,
59.7076,65.1264,68.4451,69.2616,69.7221,69.9345,69.975,70.7482,71.0461,71.124,71.1142,71.4958,71.5689,71.8669,72.0718,72.0438,72.2641,72.3445,72.4497,72.5027,
66.167,68.506,70.3634,70.9257,71.3488,72.0465,71.9567,72.4362,72.4619,72.5876,72.9609,72.9364,73.0632,73.0958,72.9392,73.1088,73.0953,73.107,73.2528,73.277,
63.0188,68.424,69.8474,70.8817,71.6812,72.1896,72.1979,72.126,71.909,72.443,72.5973,72.4629,72.2691,72.5974,72.7006,72.8176,72.9212,73.0847,73.1076,73.2569,
66.7633,68.9191,70.1906,71.0959,71.8151,72.5124,72.5045,72.7359,73.2969,73.1906,73.3574,73.014,73.3,73.3005,73.2867,73.2477,73.327,73.1114,73.2796,73.1631,
66.1232,69.919,70.4792,71.9334,71.8305,72.7013,72.8781,72.6137,72.8077,72.985,73.1696,73.074,72.9606,72.8941,73.0066,73.0787,73.1802,73.0565,73.036,73.1136,
65.7537,69.9068,70.8035,71.772,72.0323,72.3462,72.9351,73.008,73.0411,73.089,73.3623,73.3936,73.3869,73.5818,73.3189,73.3182,73.4823,73.4725,73.5548,73.4128,
67.3933,71.3279,72.7435,73.798,74.2244,73.9969,73.3708,73.2017,73.3327,73.4595,73.289,73.2368,73.5905,73.5084,73.4086,73.4832,73.4347,73.3797,73.3872,73.3617,
64.3158,69.4697,70.0431,71.5922,71.846,72.1548,72.7078,72.5709,72.3716,72.6747,72.5207,72.6208,72.8196,72.9454,72.7994,72.6062,72.8088,72.9781,73.0851,73.139,
66.8079,71.4043,73.51,73.2439,73.8626,73.6246,73.5481,73.2487,73.1599,73.5189,73.6373,73.7001,73.6197,73.8925,73.8968,73.9279,73.9168,74.1261,74.1751,73.9776,
67.7127,70.2999,71.6148,71.9787,72.3659,72.5913,72.8137,72.9814,73.0648,73.4325,73.4015,73.3936,73.5031,73.52,73.3046,73.1305,72.9275,73.1144,73.2712,73.3805,
66.167,69.3613,70.562,70.7751,71.635,71.7021,72.6738,72.8584,73.05,72.9052,72.5375,72.4957,72.7687,72.7312,72.84,72.763,72.7574,72.6702,72.6589,72.6594,
60.1024,66.0512,68.4919,69.8299,70.3796,70.8178,71.134,71.2206,71.6742,71.7105,71.9468,72.1796,72.1848,72.2191,72.5143,72.7084,72.4705,72.657,72.5133,72.5526,
67.5754,69.7362,71.2238,71.477,72.1675,72.8115,72.9427,73.1482,73.3089,73.073,73.0748,73.488,73.4907,73.4005,73.423,73.5913,73.5618,73.4396,73.3645,73.3401,
67.9427,72.7815,73.9631,73.9617,73.5692,73.5253,73.6178,73.6872,73.0471,73.0303,73.289,73.2547,73.2257,73.4159,73.2366,73.1472,73.1188,73.1887,73.2514,73.3617,
65.6242,70.1274,70.6867,71.1718,72.2509,72.1462,72.1607,72.3805,72.8578,72.3749,72.3443,72.4235,72.1848,72.4283,72.5283,72.6556,72.9056,72.7627,72.8023,72.9443,
61.9069,66.2372,68.6251,69.3036,70.069,70.3239,70.422,70.9711,71.3588,71.672,71.8927,72.5308,72.4443,72.5353,72.446,72.6045,72.5215,72.5998,72.559,72.4908,
69.2603,70.9232,71.9756,72.4611,73.3533,74.1065,74.4635,75.0138,74.9199,75.0472,74.5607,74.9008,74.8618,74.7965,74.7847,74.9566,74.739,74.5467,74.656,74.3323,
60.1024,67.0252,69.9614,70.6189,71.1812,71.8696,71.4827,71.912,72.1106,72.4378,72.4014,72.7926,72.8972,72.8505,72.7958,73.067,73.0811,72.9514,73.2062,73.3079,
59.9762,65.8013,68.0646,68.9691,70.1476,70.9895,71.4864,71.5807,71.9521,71.8161,71.8739,71.8017,71.8994,72.1465,72.2089,72.2765,72.2012,72.4246,72.338,72.5434,
64.7321,69.2292,71.2069,72.2909,72.745,72.8381,73.1485,73.8436,73.7595,73.6488,73.5585,73.5375,73.5197,73.52,73.3906,73.4933,73.4823,73.4605,73.589,73.3805,
65.9488,68.5765,69.564,70.7626,71.9546,72.0379,72.5759,72.3772,72.2235,72.3095,72.6669,72.4213,72.4402,72.5466,72.5266,72.391,72.4196,72.5033,72.6784,72.9004,
64.1096,68.3071,68.8693,70.3705,70.7381,71.0862,71.2209,71.6287,71.583,71.7517,71.8153,72.0755,72.3939,72.5184,72.7111,72.6556,72.8681,72.9396,72.9141,73.0508,
63.5394,67.0701,68.8377,70.2963,71.3234,72.3375,72.3845,72.4723,72.424,72.2598,72.1829,72.1709,72.1768,72.4658,72.3813,72.6358,72.7123,72.6042,72.7076,72.6317,
67.7586,71.4298,72.1834,72.7775,72.2927,72.3201,72.25,72.6962,72.5056,72.8176,72.7077,73.0941,73.0283,72.9416,73.1937,73.0004,72.9807,73.0225,73.0262,72.9443,
62.1957,66.9355,69.7013,70.7689,71.4252,71.8008,72.0122,72.1195,72.3425,72.9025,72.8618,72.7396,72.8319,72.4883,72.8524,72.9604,73.144,73.308,73.1048,73.1791,
66.497,71.3279,71.9066,73.4727,73.6993,73.4893,73.5559,73.5517,73.285,73.3732,73.6423,73.6684,73.6405,73.6476,73.6103,73.5913,73.6893,74.0072,73.9355,74.0023,
65.4096,69.4215,68.7903,69.769,70.3697,70.776,71.069,71.0372,71.3956,71.8497,71.7357,71.8813,72.2289,72.1558,72.1897,72.2325,72.3933,72.4552,72.389,72.5711,
66.875,69.8458,70.7618,71.3814,71.8822,72.3593,72.5533,72.0189,72.2989,72.8414,72.7678,72.9364,73.1125,73.1263,73.3386,73.2963,73.2464,73.2975,73.4113,73.1698,
64.3986,69.9068,71.4783,72.1865,72.2405,72.6969,72.9047,72.9016,73.1599,73.1104,73.5389,73.4835,73.4865,73.5509,73.6646,73.6557,73.6734,73.6529,73.6803,73.5532,
66.4528,69.9068,71.0046,72.1865,71.908,72.2069,72.1532,72.113,71.8057,72.0775,72.1876,72.3842,72.3254,72.2452,72.6513,72.5206,72.7901,72.7127,72.9113,73.0162,
59.7076,65.1264,68.4451,69.2616,69.7221,69.9345,69.975,70.7482,71.0461,71.124,71.1142,71.4958,71.5689,71.8669,72.0718,72.0438,72.2641,72.3445,72.4497,72.5027,
66.167,68.506,70.3634,70.9257,71.3488,72.0465,71.9567,72.4362,72.4619,72.5876,72.9609,72.9364,73.0632,73.0958,72.9392,73.1088,73.0953,73.107,73.2528,73.277,
63.0188,68.424,69.8474,70.8817,71.6812,72.1896,72.1979,72.126,71.909,72.443,72.5973,72.4629,72.2691,72.5974,72.7006,72.8176,72.9212,73.0847,73.1076,73.2569,
66.7633,68.9191,70.1906,71.0959,71.8151,72.5124,72.5045,72.7359,73.2969,73.1906,73.3574,73.014,73.3,73.3005,73.2867,73.2477,73.327,73.1114,73.2796,73.1631,
66.1232,69.919,70.4792,71.9334,71.8305,72.7013,72.8781,72.6137,72.8077,72.985,73.1696,73.074,72.9606,72.8941,73.0066,73.0787,73.1802,73.0565,73.036,73.1136,
65.7537,69.9068,70.8035,71.772,72.0323,72.3462,72.9351,73.008,73.0411,73.089,73.3623,73.3936,73.3869,73.5818,73.3189,73.3182,73.4823,73.4725,73.5548,73.4128,
67.3933,71.3279,72.7435,73.798,74.2244,73.9969,73.3708,73.2017,73.3327,73.4595,73.289,73.2368,73.5905,73.5084,73.4086,73.4832,73.4347,73.3797,73.3872,73.3617,
64.3158,69.4697,70.0431,71.5922,71.846,72.1548,72.7078,72.5709,72.3716,72.6747,72.5207,72.6208,72.8196,72.9454,72.7994,72.6062,72.8088,72.9781,73.0851,73.139,
66.8079,71.4043,73.51,73.2439,73.8626,73.6246,73.5481,73.2487,73.1599,73.5189,73.6373,73.7001,73.6197,73.8925,73.8968,73.9279,73.9168,74.1261,74.1751,73.9776,
67.7127,70.2999,71.6148,71.9787,72.3659,72.5913,72.8137,72.9814,73.0648,73.4325,73.4015,73.3936,73.5031,73.52,73.3046,73.1305,72.9275,73.1144,73.2712,73.3805,
66.167,69.3613,70.562,70.7751,71.635,71.7021,72.6738,72.8584,73.05,72.9052,72.5375,72.4957,72.7687,72.7312,72.84,72.763,72.7574,72.6702,72.6589,72.6594,
60.1024,66.0512,68.4919,69.8299,70.3796,70.8178,71.134,71.2206,71.6742,71.7105,71.9468,72.1796,72.1848,72.2191,72.5143,72.7084,72.4705,72.657,72.5133,72.5526,
67.5754,69.7362,71.2238,71.477,72.1675,72.8115,72.9427,73.1482,73.3089,73.073,73.0748,73.488,73.4907,73.4005,73.423,73.5913,73.5618,73.4396,73.3645,73.3401,
67.9427,72.7815,73.9631,73.9617,73.5692,73.5253,73.6178,73.6872,73.0471,73.0303,73.289,73.2547,73.2257,73.4159,73.2366,73.1472,73.1188,73.1887,73.2514,73.3617,
65.6242,70.1274,70.6867,71.1718,72.2509,72.1462,72.1607,72.3805,72.8578,72.3749,72.3443,72.4235,72.1848,72.4283,72.5283,72.6556,72.9056,72.7627,72.8023,72.9443,
61.9069,66.2372,68.6251,69.3036,70.069,70.3239,70.422,70.9711,71.3588,71.672,71.8927,72.5308,72.4443,72.5353,72.446,72.6045,72.5215,72.5998,72.559,72.4908,
69.2603,70.9232,71.9756,72.4611,73.3533,74.1065,74.4635,75.0138,74.9199,75.0472,74.5607,74.9008,74.8618,74.7965,74.7847,74.9566,74.739,74.5467,74.656,74.3323,
60.1024,67.0252,69.9614,70.6189,71.1812,71.8696,71.4827,71.912,72.1106,72.4378,72.4014,72.7926,72.8972,72.8505,72.7958,73.067,73.0811,72.9514,73.2062,73.3079,
59.9762,65.8013,68.0646,68.9691,70.1476,70.9895,71.4864,71.5807,71.9521,71.8161,71.8739,71.8017,71.8994,72.1465,72.2089,72.2765,72.2012,72.4246,72.338,72.5434,
64.7321,69.2292,71.2069,72.2909,72.745,72.8381,73.1485,73.8436,73.7595,73.6488,73.5585,73.5375,73.5197,73.52,73.3906,73.4933,73.4823,73.4605,73.589,73.3805,
65.9488,68.5765,69.564,70.7626,71.9546,72.0379,72.5759,72.3772,72.2235,72.3095,72.6669,72.4213,72.4402,72.5466,72.5266,72.391,72.4196,72.5033,72.6784,72.9004,
64.1096,68.3071,68.8693,70.3705,70.7381,71.0862,71.2209,71.6287,71.583,71.7517,71.8153,72.0755,72.3939,72.5184,72.7111,72.6556,72.8681,72.9396,72.9141,73.0508,
63.5394,67.0701,68.8377,70.2963,71.3234,72.3375,72.3845,72.4723,72.424,72.2598,72.1829,72.1709,72.1768,72.4658,72.3813,72.6358,72.7123,72.6042,72.7076,72.6317,
67.7586,71.4298,72.1834,72.7775,72.2927,72.3201,72.25,72.6962,72.5056,72.8176,72.7077,73.0941,73.0283,72.9416,73.1937,73.0004,72.9807,73.0225,73.0262,72.9443,
62.1957,66.9355,69.7013,70.7689,71.4252,71.8008,72.0122,72.1195,72.3425,72.9025,72.8618,72.7396,72.8319,72.4883,72.8524,72.9604,73.144,73.308,73.1048,73.1791,
66.497,71.3279,71.9066,73.4727,73.6993,73.4893,73.5559,73.5517,73.285,73.3732,73.6423,73.6684,73.6405,73.6476,73.6103,73.5913,73.6893,74.0072,73.9355,74.0023,
65.4096,69.4215,68.7903,69.769,70.3697,70.776,71.069,71.0372,71.3956,71.8497,71.7357,71.8813,72.2289,72.1558,72.1897,72.2325,72.3933,72.4552,72.389,72.5711,
66.875,69.8458,70.7618,71.3814,71.8822,72.3593,72.5533,72.0189,72.2989,72.8414,72.7678,72.9364,73.1125,73.1263,73.3386,73.2963,73.2464,73.2975,73.4113,73.1698,
