0.644037,0.299327,5.72968,2.68967,0.858899,0.401258,3.37285,1.57953,1.4754,0.689747,4.03632,1.89581,5.30652,2.486,3.27384,1.53292,7.25584,3.4042,5.10557,2.39248,4.61547,2.16747,5.93292,2.78434,5.87146,2.75134,2.01345,0.947563,4.90799,2.30493,8.08221,3.78868,5.45367,2.56125,4.79404,2.24598,6.57195,3.08366,3.05378,1.43455,0.842979,0.393867,6.8257,3.20367,5.15561,2.42006,4.14471,1.94135,4.24205,1.98732,3.82762,1.79317,9.57361,4.48721,5.03153,2.35706,5.82717,2.73085,6.21043,2.91557,
2.23159,1.04417,7.42375,3.48169,3.34513,1.5658,5.05252,2.36666,2.6641,1.24702,6.38974,2.99911,6.11277,2.86406,4.20549,1.9698,8.51587,3.99338,5.80387,2.71825,5.73398,2.69098,6.51584,3.05729,6.42189,3.00892,3.28986,1.54514,6.5163,3.05815,8.69175,4.07314,6.60814,3.10153,5.68028,2.66147,7.09002,3.32662,5.39162,2.5306,3.1091,1.45568,7.19037,3.37458,6.7467,3.1668,5.24878,2.45873,5.33107,2.49788,4.69046,2.196,10.1551,4.75955,5.76951,2.70329,6.32126,2.96067,6.99536,3.28243,
3.2611,1.52569,8.35978,3.91979,6.27111,2.93586,5.91763,2.7714,5.38274,2.5203,7.32154,3.43502,6.63638,3.10915,5.76637,2.70037,9.60445,4.5039,6.41981,3.00688,6.83661,3.2069,6.96592,3.26746,6.92112,3.24226,5.14207,2.41324,7.16557,3.36217,9.11389,4.27096,7.18532,3.37081,6.4433,3.01827,7.5951,3.56186,6.16509,2.89204,4.80081,2.24749,7.67376,3.59973,7.34602,3.44713,6.10954,2.86111,5.85603,2.74358,6.0072,2.81316,10.7216,5.02456,6.29575,2.94918,6.93318,3.24718,7.43495,3.4883,
4.04074,1.89143,9.47145,4.44068,8.03105,3.76013,6.43645,3.01411,6.03031,2.82375,7.95232,3.73021,7.45661,3.49337,6.3569,2.97737,10.5761,4.95827,7.18948,3.36759,7.51542,3.52464,7.593,3.56026,7.57997,3.55082,6.62175,3.10524,7.64202,3.5848,9.54678,4.47325,7.6848,3.60498,6.94833,3.25489,8.07735,3.7884,6.83181,3.20294,6.14516,2.87787,8.17126,3.83318,7.81677,3.66621,6.6705,3.12353,6.53494,3.06055,6.58752,3.08543,11.2621,5.27665,6.88467,3.22446,7.52051,3.5227,7.97102,3.73954,
4.97654,2.32985,10.6254,4.98035,8.89526,4.16445,7.01645,3.28523,6.53322,3.05883,8.61347,4.04002,7.86778,3.68512,7.0993,3.32424,11.2805,5.28788,7.84192,3.67283,7.88781,3.69928,8.068,3.78286,8.36848,3.91916,7.28535,3.41653,8.38297,3.93155,10.2084,4.7834,8.16374,3.82885,7.59539,3.55695,8.73843,4.09688,7.44762,3.49247,6.57559,3.07853,9.11811,4.27624,8.44275,3.95959,7.29678,3.41693,7.0632,3.30759,7.13648,3.34218,11.7372,5.49907,7.55408,3.53601,8.20947,3.84341,8.55229,4.0114,
5.91287,2.76827,11.5132,5.39544,10.2011,4.77618,7.53114,3.5264,7.15079,3.34805,9.03763,4.23845,8.44806,3.95712,7.54643,3.53271,11.8711,5.56425,8.32624,3.89999,8.21091,3.84912,8.67366,4.06654,8.81418,4.12807,7.68883,3.60496,8.75274,4.10427,10.5531,4.94386,8.67972,4.0706,7.94963,3.72273,9.06163,4.2479,7.87159,3.69079,7.12237,3.33486,9.54816,4.47725,8.85933,4.15458,7.70006,3.6061,7.53879,3.52995,7.66336,3.58873,12.162,5.69736,8.20106,3.84016,8.48576,3.97281,9.01927,4.22847,
6.43085,3.00945,12.2049,5.71931,10.9394,5.12184,8.0881,3.78618,7.61475,3.56475,9.75261,4.57327,9.32056,4.36547,8.15434,3.8178,13.1509,6.16281,8.75635,4.10087,8.69805,4.07692,9.18333,4.30462,9.37402,4.39042,8.34768,3.91347,9.48931,4.4486,10.9807,5.14473,9.1824,4.30508,8.40176,3.93437,9.66298,4.52934,8.42065,3.94719,7.74678,3.62682,10.2774,4.81806,9.40531,4.41009,8.21446,3.84609,7.85856,3.67903,8.15613,3.8176,12.8727,6.03077,8.61187,4.03247,9.23939,4.3263,9.77568,4.58272,
7.04394,3.2968,13.3521,6.25585,11.7667,5.50857,8.89648,4.16401,8.1143,3.79823,10.3333,4.8444,10.0055,4.68438,8.76253,4.10134,14.4159,6.7547,9.2031,4.30958,9.11687,4.27336,9.88986,4.63532,9.84438,4.60969,8.86151,4.15355,10.0225,4.69788,11.4922,5.38364,9.76829,4.57855,8.85965,4.14826,10.2391,4.79905,9.06435,4.24769,8.41997,3.94234,10.9964,5.15405,9.76109,4.57671,8.62855,4.04008,8.34739,3.90744,8.70953,4.07681,13.3291,6.24372,9.24909,4.33053,9.78787,4.58261,10.3643,4.85814,
7.61325,3.5628,14.362,6.72869,13.1069,6.13596,9.43827,4.41772,8.5601,4.00619,10.9968,5.15514,10.3265,4.83561,9.33962,4.37214,15.6026,7.31022,9.75094,4.56575,9.81322,4.59891,10.277,4.8162,10.3121,4.82858,9.35635,4.38466,10.426,4.88619,12.1302,5.68204,10.5432,4.94084,10.2138,4.78271,10.883,5.0994,9.64691,4.52082,8.83347,4.13439,11.7528,5.50868,10.446,4.89687,9.29264,4.35027,8.77021,4.10527,9.26778,4.33805,13.7789,6.4544,9.64187,4.5138,10.3956,4.86649,10.9679,5.14124,
7.98199,3.73578,15.2475,7.14258,14.1408,6.61827,9.88061,4.62414,9.09767,4.25784,11.5729,5.42405,10.7198,5.01934,9.94823,4.65662,17.2443,8.07891,10.7482,5.03223,10.6542,4.99248,10.7263,5.02594,10.9527,5.12809,9.8952,4.63699,11.0331,5.17074,12.7661,5.97948,10.929,5.12126,12.7231,5.95776,11.3179,5.30344,10.2434,4.79932,9.56125,4.47555,12.1845,5.70972,10.8908,5.10432,9.90499,4.63641,9.41648,4.40801,9.77049,4.57376,14.3181,6.70685,10.0789,4.71788,10.8427,5.0758,11.6641,5.46644,
8.48157,3.96876,16.0276,7.50754,15.839,7.4138,10.449,4.89058,9.60099,4.49264,11.9904,5.61901,11.3014,5.29137,10.3986,4.86777,18.5035,8.6679,11.336,5.30716,11.1307,5.21475,11.1607,5.22854,11.4772,5.37387,10.3635,4.85616,11.6116,5.44116,13.272,6.21568,11.5543,5.41407,13.941,6.52816,11.8269,5.54071,10.7028,5.0141,10.0498,4.70415,12.7316,5.96586,11.2302,5.26307,10.3958,4.86656,9.84346,4.60764,10.1909,4.76974,14.8559,6.95767,10.7241,5.01899,11.7147,5.48424,12.1406,5.68958,
8.85591,4.14402,17.112,8.01506,16.9671,7.94242,11.0103,5.15313,10.0946,4.72457,12.4287,5.82504,12.2224,5.72196,11.0267,5.16133,19.4733,9.12113,12.3885,5.79963,11.7406,5.5015,11.8432,5.54868,11.9271,5.5833,10.7732,5.04764,12.2899,5.75806,13.6575,6.39589,11.9927,5.61926,15.6641,7.33596,12.2599,5.74332,11.1246,5.21174,10.4999,4.91422,13.0769,6.12661,11.8265,5.54171,10.7295,5.02276,10.2347,4.79073,10.7289,5.0218,15.1783,7.10843,11.265,5.27339,12.1077,5.66804,12.8888,6.03853,
9.25094,4.32784,18.1591,8.5048,17.621,8.24772,11.9133,5.57643,10.5117,4.91935,13.1525,6.16233,13.064,6.11655,11.6567,5.45653,20.4473,9.57743,13.6588,6.39456,12.3668,5.79418,12.2507,5.73973,12.4573,5.83229,11.3322,5.30898,12.8887,6.03886,14.1795,6.64035,12.4491,5.83329,17.1672,8.0407,12.9061,6.04625,11.6907,5.47565,11.0027,5.14915,13.5048,6.32675,12.5096,5.86128,11.1502,5.21883,10.7173,5.01663,11.2633,5.2718,15.7074,7.35639,11.8465,5.54459,12.7021,5.94566,13.4237,6.28975,
9.77373,4.57214,19.6055,9.18088,18.5715,8.69235,12.5525,5.87499,11.1054,5.19611,13.6151,6.3796,13.8114,6.46577,12.1922,5.70689,21.5962,10.1152,14.4226,6.75227,12.8012,5.9973,13.191,6.17877,12.8664,6.02342,12.131,5.68254,13.4822,6.31668,14.6111,6.84189,13.0932,6.13435,18.7533,8.78338,13.3535,6.25514,12.1264,5.67899,11.5445,5.40237,13.9929,6.55539,12.9631,6.0737,11.692,5.4727,11.3939,5.33264,11.8636,5.55219,16.1582,7.56659,12.721,5.95412,13.2599,6.20707,13.7821,6.45752,
10.2094,4.77644,21.1254,9.89329,19.7888,9.26229,13.1879,6.17172,11.4633,5.36409,14.2949,6.69614,15.3367,7.18013,12.7676,5.97609,22.2457,10.4179,15.3262,7.17515,13.2645,6.21407,13.6696,6.4025,13.5286,6.33318,12.4533,5.83367,14.0356,6.57524,15.007,7.02729,13.6225,6.38234,20.6573,9.67556,13.8523,6.48868,12.7982,5.99405,12.0999,5.66269,14.8759,6.96737,13.5214,6.33522,12.1013,5.66375,11.9477,5.59212,12.4971,5.84905,16.7215,7.82951,13.159,6.15866,13.675,6.4007,14.2941,6.69684,
10.6473,4.98094,22.2413,10.4146,21.3845,10.0089,13.8301,6.47209,12.143,5.68169,14.9155,6.98814,16.0045,7.49102,13.2099,6.18213,23.1089,10.8215,15.7415,7.36902,13.8907,6.50686,14.1348,6.62072,14.0027,6.55442,13.2326,6.19777,14.5756,6.82791,15.4732,7.24469,14.1515,6.62937,22.3697,10.4775,14.5701,6.82481,13.2673,6.21252,12.999,6.08315,15.5142,7.26744,13.9515,6.53499,12.6667,5.92807,12.4277,5.81525,12.8744,6.0252,17.1847,8.04666,13.5574,6.34505,14.0512,6.57593,14.7284,6.89967,
11.1365,5.21001,23.3384,10.9282,22.3159,10.4445,14.4286,6.75246,13.0296,6.09663,15.4296,7.22723,16.7701,7.85046,13.7929,6.45563,24.2309,11.3475,16.4177,7.68511,14.3868,6.73883,14.8,6.93172,14.7124,6.88662,13.7026,6.41742,15.1957,7.11805,16.1752,7.57326,14.6783,6.87625,24.1631,11.3179,15.0402,7.04414,13.8394,6.4807,13.4346,6.28708,16.2242,7.59953,14.3964,6.74394,13.3252,6.23562,12.9848,6.07615,13.4029,6.2727,17.7997,8.3344,14.2286,6.65824,14.574,6.8209,15.2568,7.14734,
11.5451,5.40038,23.8865,11.1843,23.3077,10.9094,14.9057,6.97544,13.6543,6.38797,15.9895,7.49045,17.705,8.28805,14.2111,6.6512,25.0308,11.7222,16.8406,7.88321,14.9855,7.01819,15.2336,7.13414,15.0436,7.04208,14.1527,6.62765,15.6755,7.34253,17.01,7.96367,15.1847,7.1119,25.8523,12.1091,15.4065,7.21434,14.2959,6.69445,13.9401,6.52323,16.6664,7.80517,14.8783,6.96913,13.6997,6.41077,13.5088,6.3214,13.8718,6.49079,18.4015,8.61671,14.7767,6.91521,15.3056,7.16379,15.8919,7.44408,
11.9817,5.60448,24.7207,11.5753,24.3666,11.4046,15.3762,7.1951,14.0567,6.57686,16.4215,7.6914,18.0609,8.45384,14.702,6.88018,26.5093,12.4142,17.5172,8.19949,15.4745,7.2478,15.7137,7.35864,15.51,7.25996,14.5914,6.833,16.653,7.80006,17.4456,8.16788,15.7598,7.38062,27.6673,12.9599,15.9092,7.44983,14.7846,6.92197,14.3967,6.7369,17.3413,8.12234,15.9365,7.46505,14.2363,6.66232,14.0685,6.58381,14.245,6.66635,18.833,8.81812,15.1377,7.08408,15.8384,7.41275,16.4382,7.69924,
12.7979,5.98674,25.9126,12.1332,25.4917,11.9297,15.9228,7.45185,14.6494,6.8543,17.1961,8.05442,18.5367,8.67612,15.2187,7.1222,27.5255,12.8899,18.0004,8.42482,15.9827,7.4856,16.2762,7.6216,16.0872,7.53012,15.0203,7.0335,17.1502,8.03236,17.9755,8.41527,16.2096,7.59098,29.5411,13.8375,16.6044,7.77461,15.5295,7.27155,15.1115,7.07134,17.9739,8.41803,16.3716,7.66789,14.8064,6.92801,14.574,6.81974,14.9284,6.9857,19.2652,9.0209,15.6441,7.3206,16.3096,7.63266,16.912,7.92048,
13.2842,6.21414,27.013,12.6483,26.5398,12.421,16.4308,7.68885,15.2021,7.11174,17.7036,8.29221,19.0665,8.92439,15.7669,7.37731,28.3947,13.2967,18.6091,8.70941,16.5366,7.74405,16.9274,7.927,16.6086,7.77388,15.5652,7.28847,17.7038,8.29175,18.3588,8.59432,16.8822,7.90669,31.8023,14.8975,17.0321,7.97494,16.2507,7.60889,15.5634,7.2822,18.9377,8.8688,17.0184,7.97079,15.3874,7.20038,15.0173,7.02686,15.9169,7.44836,19.8115,9.27602,16.5313,7.73629,16.7726,7.8489,17.5618,8.22399,
14.0572,6.57628,28.1875,13.1977,27.1822,12.7212,17.0789,7.99213,15.8361,7.40746,18.1422,8.49724,19.7845,9.26051,16.6381,7.78638,29.4962,13.8113,19.2199,8.9963,17.0818,7.99825,17.5504,8.21796,17.2265,8.0626,16.2262,7.59796,18.2714,8.55695,18.924,8.859,17.336,8.11799,34.1073,15.977,17.5944,8.23844,16.7492,7.84163,16.11,7.538,19.5627,9.16053,17.5294,8.20934,15.6995,7.34557,15.4057,7.20873,17.3183,8.10383,20.3601,9.53264,17.6873,8.27688,17.3236,8.10636,17.9854,8.42284,
14.7253,6.88875,29.1386,13.6418,28.5985,13.3844,17.7066,8.286,16.2883,7.61962,18.845,8.82616,20.3166,9.50924,17.2474,8.07157,31.5287,14.7636,19.7704,9.25395,17.6368,8.25804,18.3485,8.59182,17.6156,8.24448,16.8515,7.89008,18.8402,8.82325,19.3122,9.04006,18.0475,8.45042,35.778,16.7591,18.1206,8.48307,18.7885,8.79742,16.6197,7.77672,20.0936,9.40901,18.214,8.53016,16.3454,7.64841,15.9273,7.45262,18.4671,8.64218,20.7895,9.73283,18.3485,8.58516,17.7281,8.29614,18.534,8.67991,
15.1401,7.08194,30.0005,14.0452,29.4756,13.7953,18.1823,8.50845,16.664,7.79589,19.2635,9.02072,20.6956,9.68647,17.8414,8.34953,33.9033,15.8761,20.1724,9.4416,18.2977,8.56765,18.7896,8.79792,17.9913,8.42037,17.2025,8.05284,19.3418,9.05769,19.8097,9.27317,18.4207,8.62605,37.33,17.4871,18.565,8.69195,20.6157,9.65385,16.9999,7.95465,20.6338,9.66102,18.7489,8.7796,16.5215,7.73066,19.1295,8.95121,21.1254,9.88945,19.2254,8.99582,18.2766,8.55182,18.9458,8.87172,
15.5663,7.28139,30.7701,14.4052,30.5655,14.3039,18.7641,8.7809,17.1796,8.03734,19.8997,9.31831,21.3169,9.97696,18.2169,8.52492,36.1929,16.9488,20.7766,9.7242,18.803,8.80481,19.1896,8.98421,18.7219,8.76159,17.6227,8.25014,19.8146,9.27874,20.3812,9.5404,18.8369,8.81992,39.7161,18.6052,19.2189,8.99808,22.5173,10.5439,17.5947,8.23282,21.0078,9.83538,19.3686,9.06988,16.9614,7.9364,20.3888,9.5414,21.6471,10.1338,20.6012,9.6404,18.842,8.81657,19.6356,9.19385,
16.1833,7.56941,31.8822,14.9264,31.9348,14.9455,19.3422,9.05084,17.7609,8.3092,20.4728,9.58692,22.0815,10.3342,19.089,8.93264,37.4791,17.5512,21.194,9.91872,19.2388,9.00861,19.8822,9.30831,19.2077,8.9886,18.1299,8.48739,20.3437,9.52651,20.9027,9.78415,19.3265,9.04922,40.704,19.0668,19.7178,9.23047,23.3213,10.9206,18.1238,8.48026,21.391,10.0153,19.8894,9.31365,17.4271,8.15426,20.9313,9.7948,22.1959,10.3905,21.4042,10.0155,19.3356,9.04834,20.2264,9.47081,
16.6944,7.8097,32.7112,15.314,32.5628,15.2394,19.8143,9.27203,18.1637,8.49611,21.0123,9.83954,22.6987,10.6233,19.7398,9.23778,39.5972,18.5424,21.857,10.2291,19.7715,9.25735,20.3304,9.51807,19.6137,9.17848,18.6626,8.73577,20.8775,9.77572,21.4051,10.0188,19.8583,9.29757,41.775,19.5688,20.3811,9.54138,25.8648,12.1117,18.5731,8.68991,21.9162,10.2618,20.6837,9.6856,17.9001,8.37524,21.3596,9.99495,22.7922,10.6694,22.0113,10.3006,20.1174,9.41376,20.7934,9.73527,
17.1814,8.03727,33.2446,15.5635,34.1503,15.9822,20.3881,9.54015,18.5729,8.68852,21.583,10.1056,23.2439,10.8783,20.5323,9.60643,41.5655,19.4651,22.4563,10.5096,20.3739,9.53935,20.9046,9.78659,20.1798,9.44321,19.2518,9.01221,21.3629,10.0028,22.1896,10.3865,20.2776,9.49391,43.3218,20.2932,20.9587,9.8116,27.1868,12.7311,19.1166,8.94339,22.5753,10.5697,21.4607,10.0493,18.5268,8.66831,21.8344,10.2164,23.3053,10.9096,22.6706,10.6085,20.9988,9.82476,21.292,9.96801,
17.7175,8.2874,34.2336,16.0264,34.8014,16.2869,20.7802,9.72306,18.9102,8.84538,22.1357,10.3645,23.6382,11.0619,21.1295,9.88742,53.7,25.1528,22.9144,10.7244,20.8254,9.75058,21.4538,10.0426,20.6484,9.6627,19.617,9.18314,21.7382,10.1778,22.8653,10.7025,20.6705,9.67769,44.2565,20.731,21.6926,10.1549,28.9852,13.5742,19.7338,9.23303,23.2751,10.8974,21.8784,10.2445,19.0029,8.8903,22.2256,10.3988,23.8163,11.1482,23.2577,10.8834,21.9129,10.2539,21.6607,10.1409,
18.2214,8.52418,35.2186,16.487,35.4906,16.6089,21.1934,9.91585,19.5687,9.15417,22.6033,10.5833,24.0902,11.274,22.1749,10.3766,55.2712,25.889,23.4868,10.9909,21.4762,10.0552,22.0624,10.3282,21.143,9.89405,20.3911,9.54583,22.2798,10.4317,23.402,10.9535,21.236,9.94254,45.8019,21.4544,22.3065,10.4421,30.5151,14.2905,20.2356,9.4679,23.9551,11.2148,22.3484,10.4638,19.7659,9.24802,23.0776,10.7985,24.4581,11.4487,24.0208,11.2405,22.9402,10.7335,22.2526,10.4182,
18.9695,8.87385,36.5536,17.1112,36.2801,16.9779,22.1691,10.3736,20.0427,9.37584,23.0141,10.7758,24.512,11.4712,23.3048,10.9044,57.5572,26.9586,23.9205,11.1946,22.1374,10.3633,22.3848,10.4781,21.7104,10.1596,20.8638,9.76661,22.9171,10.7299,24.1587,11.3071,21.6757,10.1477,47.0794,22.0542,22.7507,10.6494,31.4496,14.7283,20.7035,9.68677,24.4835,11.4617,22.9579,10.7495,20.2989,9.49653,23.5747,11.0312,24.9125,11.6606,24.5136,11.4714,23.5808,11.0334,22.6878,10.6219,
19.5731,9.15551,37.9379,17.7605,37.2366,17.4258,22.6551,10.6006,20.5187,9.59822,23.5487,11.0251,25.3474,11.8623,24.2354,11.341,59.0631,27.6651,24.3398,11.39,22.6863,10.6204,23.1526,10.8384,22.1383,10.3593,21.4972,10.0624,23.5316,11.0165,24.6399,11.5328,22.1986,10.392,48.2342,22.5953,23.3267,10.9186,33.2833,15.5872,21.3295,9.97975,25.0535,11.7284,23.7613,11.1247,20.7963,9.72912,24.0233,11.24,25.437,11.9061,25.0474,11.7209,24.4054,11.42,23.1464,10.8363,
20.2917,9.49144,38.7725,18.151,37.8963,17.7345,23.2384,10.874,20.9901,9.8176,23.978,11.226,25.975,12.155,25.2611,11.8212,61.4054,28.7619,25.0464,11.721,23.0465,10.7884,23.6159,11.0538,22.582,10.5669,22.2534,10.4156,24.0395,11.2548,25.2554,11.82,22.8198,10.683,50.2826,23.5543,23.8793,11.1773,35.2814,16.5236,21.7666,10.184,25.5421,11.9577,24.2304,11.3451,21.5086,10.0626,24.5769,11.4997,26.233,12.2779,25.5178,11.9403,25.2715,11.8242,23.6968,11.0933,
20.7989,9.72875,39.833,18.6467,39.0293,18.2643,23.9478,11.2049,21.5321,10.0709,24.3495,11.3992,26.6261,12.46,25.8285,12.0858,63.3019,29.6503,25.5356,11.9492,23.5215,11.0119,24.0447,11.255,23.2104,10.8612,22.8675,10.7034,24.6569,11.5438,25.9611,12.1497,23.2867,10.9012,51.3502,24.0545,24.4322,11.4362,37.2724,17.4571,22.4229,10.4913,26.1268,12.2303,24.863,11.6395,22.0537,10.3178,25.0394,11.7157,26.7563,12.5234,26.0062,12.1682,25.9495,12.1422,24.2512,11.3527,
21.2921,9.95961,40.6167,19.0126,39.6274,18.5429,24.3209,11.3803,22.0074,10.2942,24.8474,11.6317,27.2558,12.7546,27.2994,12.7753,64.4725,30.198,25.9676,12.1505,24.0287,11.2482,24.479,11.4581,23.7867,11.1296,23.5607,11.0281,25.2985,11.8432,26.5386,12.4196,23.816,11.1483,52.6355,24.656,24.9227,11.665,39.2227,18.3705,22.815,10.6732,26.565,12.4361,25.1253,11.763,22.4828,10.519,25.6469,11.9999,27.4513,12.8479,26.4804,12.3904,26.2906,12.301,24.7292,11.5752,
21.6526,10.1284,42.4353,19.865,40.5688,18.9846,24.8555,11.6298,22.7635,10.6483,25.416,11.8985,27.93,13.0704,28.2716,13.2307,66.8609,31.3175,26.5418,12.4197,24.609,11.5203,25.09,11.7444,24.5857,11.5035,23.9827,11.2256,26.0958,12.2172,27.2897,12.7724,24.3468,11.3975,55.1015,25.811,25.5078,11.9394,40.5151,18.9735,23.4703,10.9805,27.0556,12.6654,25.6363,12.0021,22.8982,10.7125,26.1468,12.2342,27.9684,13.09,27.6646,12.945,27.2036,12.7285,25.2154,11.8041,
22.1134,10.3437,43.528,20.3762,43.2397,20.2354,25.5692,11.9643,23.4198,10.9543,25.9582,12.151,28.3461,13.2637,29.1193,13.6274,70.3002,32.9287,27.2194,12.7376,25.2917,11.8387,25.6101,11.9874,25.9044,12.1211,24.5787,11.504,26.7794,12.5367,27.9861,13.0972,24.8865,11.6504,56.2753,26.3618,26.196,12.2606,42.3126,19.8178,23.9025,11.1824,27.6167,12.9274,25.9817,12.1625,23.6552,11.0668,26.6258,12.4582,28.4386,13.31,28.6692,13.4148,27.786,13,25.781,12.0685,
22.622,10.5813,46.7156,21.8708,45.5173,21.3049,26.0523,12.189,24.8847,11.6413,26.3717,12.3437,28.844,13.4976,30.6212,14.3312,71.9098,33.6823,27.7828,13.0013,26.3479,12.3342,26.2719,12.297,26.6117,12.4513,25.1615,11.7762,27.3245,12.7915,28.4115,13.2967,25.7017,12.0319,57.8938,27.1201,26.6995,12.4968,43.2712,20.267,24.5394,11.4813,28.0471,13.1288,26.4501,12.3814,24.2919,11.3648,27.1709,12.713,29.0591,13.6005,30.2087,14.1359,28.352,13.2655,26.2622,12.2934,
23.1694,10.8377,54.5005,25.5255,46.4068,21.7201,26.5857,12.4391,26.0853,12.2037,26.9181,12.6004,29.263,13.6935,32.7126,15.3111,74.1449,34.7295,28.4907,13.3326,27.6843,12.9597,26.8266,12.5558,27.4706,12.8539,25.5969,11.9802,27.9003,13.0608,29.2677,13.6978,26.7498,12.5224,59.1844,27.7232,27.1508,12.7074,44.335,20.7656,25.0467,11.7178,28.5123,13.3451,27.0912,12.682,24.8478,11.6247,27.6633,12.9424,29.9469,14.0158,31.4877,14.7339,28.725,13.4394,26.766,12.5287,
23.9884,11.221,56.1214,26.2843,47.6095,22.2828,27.1995,12.7255,27.6259,12.925,27.5187,12.8816,29.9024,13.9915,35.1634,16.4593,75.8588,35.5319,28.9255,13.5361,28.8347,13.4977,27.3012,12.778,28.4923,13.3327,26.2337,12.2781,28.5461,13.3627,29.628,13.8656,27.5798,12.9103,61.5077,28.8133,27.6366,12.9346,46.1968,21.6376,25.4042,11.8851,28.9805,13.5649,27.8291,13.0265,25.2867,11.8298,28.2152,13.2015,30.4943,14.2719,33.0262,15.454,29.4509,13.7787,27.2136,12.7381,
