





























83.4134,
83.6793,
74.9577,
83.7795,
80.7202,
83.0834,
84.25,
86.151,
84.5553,
80.7202,
84.7601,
87.0077,
83.7795,
76.209,
87.0798,
85.9395,
85.1036,
77.8187,
84.8286,
75.1186,
75.1454,
82.8866,
84.5213,
79.198,
81.0316,
85.9395,
76.6541,
85.1036,
83.9469,
85.1381,
83.4134,
83.6793,
74.9577,
83.7795,
80.7202,
83.0834,
84.25,
86.151,
84.5553,
80.7202,
84.7601,
87.0077,
83.7795,
76.209,
87.0798,
85.9395,
85.1036,
77.8187,
84.8286,
75.1186,
75.1454,
82.8866,
84.5213,
79.198,
81.0316,
85.9395,
76.6541,
85.1036,
83.9469,
85.1381,
83.4134,89.3302,
83.6793,90.6092,
74.9577,83.3721,
83.7795,87.991,
80.7202,86.8029,
83.0834,88.8208,
84.25,90.3062,
86.151,88.8598,
84.5553,90.1654,
80.7202,88.6264,
84.7601,91.5928,
87.0077,88.7041,
83.7795,88.9183,
76.209,83.3377,
87.0798,89.8454,
85.9395,90.8124,
85.1036,88.125,
77.8187,84.8924,
84.8286,92.4712,
75.1186,84.591,
75.1454,82.2712,
82.8866,88.7041,
84.5213,88.2595,
79.198,87.0641,
81.0316,86.9893,
85.9395,91.3038,
76.6541,85.4477,
85.1036,90.4878,
83.9469,88.5489,
85.1381,89.5474,
83.4134,89.3302,
83.6793,90.6092,
74.9577,83.3721,
83.7795,87.991,
80.7202,86.8029,
83.0834,88.8208,
84.25,90.3062,
86.151,88.8598,
84.5553,90.1654,
80.7202,88.6264,
84.7601,91.5928,
87.0077,88.7041,
83.7795,88.9183,
76.209,83.3377,
87.0798,89.8454,
85.9395,90.8124,
85.1036,88.125,
77.8187,84.8924,
84.8286,92.4712,
75.1186,84.591,
75.1454,82.2712,
82.8866,88.7041,
84.5213,88.2595,
79.198,87.0641,
81.0316,86.9893,
85.9395,91.3038,
76.6541,85.4477,
85.1036,90.4878,
83.9469,88.5489,
85.1381,89.5474,
83.4134,89.3302,91.7164,
83.6793,90.6092,91.7164,
74.9577,83.3721,86.1833,
83.7795,87.991,90.1049,
80.7202,86.8029,90.0103,
83.0834,88.8208,90.581,
84.25,90.3062,91.7304,
86.151,88.8598,91.7164,
84.5553,90.1654,93.343,
80.7202,88.6264,91.2144,
84.7601,91.5928,93.4302,
87.0077,88.7041,92.1672,
83.7795,88.9183,91.0898,
76.209,83.3377,87.2612,
87.0798,89.8454,91.5205,
85.9395,90.8124,94.9983,
85.1036,88.125,91.9695,
77.8187,84.8924,87.4775,
84.8286,92.4712,92.8806,
75.1186,84.591,88.3925,
75.1454,82.2712,86.9703,
82.8866,88.7041,90.938,
84.5213,88.2595,90.1862,
79.198,87.0641,89.8755,
81.0316,86.9893,88.4446,
85.9395,91.3038,93.4593,
76.6541,85.4477,88.2885,
85.1036,90.4878,93.343,
83.9469,88.5489,91.159,
85.1381,89.5474,91.6464,
83.4134,89.3302,91.7164,
83.6793,90.6092,91.7164,
74.9577,83.3721,86.1833,
83.7795,87.991,90.1049,
80.7202,86.8029,90.0103,
83.0834,88.8208,90.581,
84.25,90.3062,91.7304,
86.151,88.8598,91.7164,
84.5553,90.1654,93.343,
80.7202,88.6264,91.2144,
84.7601,91.5928,93.4302,
87.0077,88.7041,92.1672,
83.7795,88.9183,91.0898,
76.209,83.3377,87.2612,
87.0798,89.8454,91.5205,
85.9395,90.8124,94.9983,
85.1036,88.125,91.9695,
77.8187,84.8924,87.4775,
84.8286,92.4712,92.8806,
75.1186,84.591,88.3925,
75.1454,82.2712,86.9703,
82.8866,88.7041,90.938,
84.5213,88.2595,90.1862,
79.198,87.0641,89.8755,
81.0316,86.9893,88.4446,
85.9395,91.3038,93.4593,
76.6541,85.4477,88.2885,
85.1036,90.4878,93.343,
83.9469,88.5489,91.159,
85.1381,89.5474,91.6464,
83.4134,89.3302,91.7164,93.7708,
83.6793,90.6092,91.7164,93.1668,
74.9577,83.3721,86.1833,88.7955,
83.7795,87.991,90.1049,91.3491,
80.7202,86.8029,90.0103,91.4419,
83.0834,88.8208,90.581,91.1333,
84.25,90.3062,91.7304,91.8255,
86.151,88.8598,91.7164,92.8252,
84.5553,90.1654,93.343,94.7581,
80.7202,88.6264,91.2144,91.8567,
84.7601,91.5928,93.4302,95.7211,
87.0077,88.7041,92.1672,92.9957,
83.7795,88.9183,91.0898,92.5177,
76.209,83.3377,87.2612,89.0885,
87.0798,89.8454,91.5205,93.6191,
85.9395,90.8124,94.9983,96.9354,
85.1036,88.125,91.9695,92.1703,
77.8187,84.8924,87.4775,90.6945,
84.8286,92.4712,92.8806,94.4047,
75.1186,84.591,88.3925,90.9287,
75.1454,82.2712,86.9703,88.6304,
82.8866,88.7041,90.938,92.6553,
84.5213,88.2595,90.1862,91.0002,
79.198,87.0641,89.8755,89.8794,
81.0316,86.9893,88.4446,89.9992,
85.9395,91.3038,93.4593,94.6695,
76.6541,85.4477,88.2885,90.1996,
85.1036,90.4878,93.343,93.9666,
83.9469,88.5489,91.159,90.7453,
85.1381,89.5474,91.6464,91.9297,
83.4134,89.3302,91.7164,93.7708,
83.6793,90.6092,91.7164,93.1668,
74.9577,83.3721,86.1833,88.7955,
83.7795,87.991,90.1049,91.3491,
80.7202,86.8029,90.0103,91.4419,
83.0834,88.8208,90.581,91.1333,
84.25,90.3062,91.7304,91.8255,
86.151,88.8598,91.7164,92.8252,
84.5553,90.1654,93.343,94.7581,
80.7202,88.6264,91.2144,91.8567,
84.7601,91.5928,93.4302,95.7211,
87.0077,88.7041,92.1672,92.9957,
83.7795,88.9183,91.0898,92.5177,
76.209,83.3377,87.2612,89.0885,
87.0798,89.8454,91.5205,93.6191,
85.9395,90.8124,94.9983,96.9354,
85.1036,88.125,91.9695,92.1703,
77.8187,84.8924,87.4775,90.6945,
84.8286,92.4712,92.8806,94.4047,
75.1186,84.591,88.3925,90.9287,
75.1454,82.2712,86.9703,88.6304,
82.8866,88.7041,90.938,92.6553,
84.5213,88.2595,90.1862,91.0002,
79.198,87.0641,89.8755,89.8794,
81.0316,86.9893,88.4446,89.9992,
85.9395,91.3038,93.4593,94.6695,
76.6541,85.4477,88.2885,90.1996,
85.1036,90.4878,93.343,93.9666,
83.9469,88.5489,91.159,90.7453,
85.1381,89.5474,91.6464,91.9297,
83.4134,89.3302,91.7164,93.7708,93.9056,
83.6793,90.6092,91.7164,93.1668,94.5416,
74.9577,83.3721,86.1833,88.7955,90.7511,
83.7795,87.991,90.1049,91.3491,92.6845,
80.7202,86.8029,90.0103,91.4419,92.9674,
83.0834,88.8208,90.581,91.1333,92.6417,
84.25,90.3062,91.7304,91.8255,93.2867,
86.151,88.8598,91.7164,92.8252,93.278,
84.5553,90.1654,93.343,94.7581,95.2043,
80.7202,88.6264,91.2144,91.8567,93.0362,
84.7601,91.5928,93.4302,95.7211,95.6939,
87.0077,88.7041,92.1672,92.9957,94.3286,
83.7795,88.9183,91.0898,92.5177,92.5479,
76.209,83.3377,87.2612,89.0885,91.3949,
87.0798,89.8454,91.5205,93.6191,93.2953,
85.9395,90.8124,94.9983,96.9354,96.2253,
85.1036,88.125,91.9695,92.1703,92.8815,
77.8187,84.8924,87.4775,90.6945,91.3367,
84.8286,92.4712,92.8806,94.4047,94.2755,
75.1186,84.591,88.3925,90.9287,92.6759,
75.1454,82.2712,86.9703,88.6304,89.7703,
82.8866,88.7041,90.938,92.6553,93.3473,
84.5213,88.2595,90.1862,91.0002,91.9215,
79.198,87.0641,89.8755,89.8794,91.6616,
81.0316,86.9893,88.4446,89.9992,91.3616,
85.9395,91.3038,93.4593,94.6695,94.7019,
76.6541,85.4477,88.2885,90.1996,91.9299,
85.1036,90.4878,93.343,93.9666,95.2043,
83.9469,88.5489,91.159,90.7453,91.4448,
85.1381,89.5474,91.6464,91.9297,93.1656,
83.4134,89.3302,91.7164,93.7708,93.9056,
83.6793,90.6092,91.7164,93.1668,94.5416,
74.9577,83.3721,86.1833,88.7955,90.7511,
83.7795,87.991,90.1049,91.3491,92.6845,
80.7202,86.8029,90.0103,91.4419,92.9674,
83.0834,88.8208,90.581,91.1333,92.6417,
84.25,90.3062,91.7304,91.8255,93.2867,
86.151,88.8598,91.7164,92.8252,93.278,
84.5553,90.1654,93.343,94.7581,95.2043,
80.7202,88.6264,91.2144,91.8567,93.0362,
84.7601,91.5928,93.4302,95.7211,95.6939,
87.0077,88.7041,92.1672,92.9957,94.3286,
83.7795,88.9183,91.0898,92.5177,92.5479,
76.209,83.3377,87.2612,89.0885,91.3949,
87.0798,89.8454,91.5205,93.6191,93.2953,
85.9395,90.8124,94.9983,96.9354,96.2253,
85.1036,88.125,91.9695,92.1703,92.8815,
77.8187,84.8924,87.4775,90.6945,91.3367,
84.8286,92.4712,92.8806,94.4047,94.2755,
75.1186,84.591,88.3925,90.9287,92.6759,
75.1454,82.2712,86.9703,88.6304,89.7703,
82.8866,88.7041,90.938,92.6553,93.3473,
84.5213,88.2595,90.1862,91.0002,91.9215,
79.198,87.0641,89.8755,89.8794,91.6616,
81.0316,86.9893,88.4446,89.9992,91.3616,
85.9395,91.3038,93.4593,94.6695,94.7019,
76.6541,85.4477,88.2885,90.1996,91.9299,
85.1036,90.4878,93.343,93.9666,95.2043,
83.9469,88.5489,91.159,90.7453,91.4448,
85.1381,89.5474,91.6464,91.9297,93.1656,
83.4134,89.3302,91.7164,93.7708,93.9056,94.4703,
83.6793,90.6092,91.7164,93.1668,94.5416,94.4703,
74.9577,83.3721,86.1833,88.7955,90.7511,91.1134,
83.7795,87.991,90.1049,91.3491,92.6845,93.0276,
80.7202,86.8029,90.0103,91.4419,92.9674,92.9771,
83.0834,88.8208,90.581,91.1333,92.6417,93.2227,
84.25,90.3062,91.7304,91.8255,93.2867,94.1811,
86.151,88.8598,91.7164,92.8252,93.278,93.9967,
84.5553,90.1654,93.343,94.7581,95.2043,96.3051,
80.7202,88.6264,91.2144,91.8567,93.0362,93.791,
84.7601,91.5928,93.4302,95.7211,95.6939,95.6754,
87.0077,88.7041,92.1672,92.9957,94.3286,94.2329,
83.7795,88.9183,91.0898,92.5177,92.5479,92.8548,
76.209,83.3377,87.2612,89.0885,91.3949,91.7683,
87.0798,89.8454,91.5205,93.6191,93.2953,93.6592,
85.9395,90.8124,94.9983,96.9354,96.2253,96.4909,
85.1036,88.125,91.9695,92.1703,92.8815,93.3097,
77.8187,84.8924,87.4775,90.6945,91.3367,91.1618,
84.8286,92.4712,92.8806,94.4047,94.2755,94.7837,
75.1186,84.591,88.3925,90.9287,92.6759,92.6755,
75.1454,82.2712,86.9703,88.6304,89.7703,90.7756,
82.8866,88.7041,90.938,92.6553,93.3473,94.5895,
84.5213,88.2595,90.1862,91.0002,91.9215,92.8404,
79.198,87.0641,89.8755,89.8794,91.6616,92.3901,
81.0316,86.9893,88.4446,89.9992,91.3616,92.3048,
85.9395,91.3038,93.4593,94.6695,94.7019,95.1444,
76.6541,85.4477,88.2885,90.1996,91.9299,92.8476,
85.1036,90.4878,93.343,93.9666,95.2043,95.9355,
83.9469,88.5489,91.159,90.7453,91.4448,91.6982,
85.1381,89.5474,91.6464,91.9297,93.1656,93.5497,
83.4134,89.3302,91.7164,93.7708,93.9056,94.4703,
83.6793,90.6092,91.7164,93.1668,94.5416,94.4703,
74.9577,83.3721,86.1833,88.7955,90.7511,91.1134,
83.7795,87.991,90.1049,91.3491,92.6845,93.0276,
80.7202,86.8029,90.0103,91.4419,92.9674,92.9771,
83.0834,88.8208,90.581,91.1333,92.6417,93.2227,
84.25,90.3062,91.7304,91.8255,93.2867,94.1811,
86.151,88.8598,91.7164,92.8252,93.278,93.9967,
84.5553,90.1654,93.343,94.7581,95.2043,96.3051,
80.7202,88.6264,91.2144,91.8567,93.0362,93.791,
84.7601,91.5928,93.4302,95.7211,95.6939,95.6754,
87.0077,88.7041,92.1672,92.9957,94.3286,94.2329,
83.7795,88.9183,91.0898,92.5177,92.5479,92.8548,
76.209,83.3377,87.2612,89.0885,91.3949,91.7683,
87.0798,89.8454,91.5205,93.6191,93.2953,93.6592,
85.9395,90.8124,94.9983,96.9354,96.2253,96.4909,
85.1036,88.125,91.9695,92.1703,92.8815,93.3097,
77.8187,84.8924,87.4775,90.6945,91.3367,91.1618,
84.8286,92.4712,92.8806,94.4047,94.2755,94.7837,
75.1186,84.591,88.3925,90.9287,92.6759,92.6755,
75.1454,82.2712,86.9703,88.6304,89.7703,90.7756,
82.8866,88.7041,90.938,92.6553,93.3473,94.5895,
84.5213,88.2595,90.1862,91.0002,91.9215,92.8404,
79.198,87.0641,89.8755,89.8794,91.6616,92.3901,
81.0316,86.9893,88.4446,89.9992,91.3616,92.3048,
85.9395,91.3038,93.4593,94.6695,94.7019,95.1444,
76.6541,85.4477,88.2885,90.1996,91.9299,92.8476,
85.1036,90.4878,93.343,93.9666,95.2043,95.9355,
83.9469,88.5489,91.159,90.7453,91.4448,91.6982,
85.1381,89.5474,91.6464,91.9297,93.1656,93.5497,
83.4134,89.3302,91.7164,93.7708,93.9056,94.4703,94.6653,
83.6793,90.6092,91.7164,93.1668,94.5416,94.4703,94.3107,
74.9577,83.3721,86.1833,88.7955,90.7511,91.1134,91.5907,
83.7795,87.991,90.1049,91.3491,92.6845,93.0276,93.4791,
80.7202,86.8029,90.0103,91.4419,92.9674,92.9771,93.6343,
83.0834,88.8208,90.581,91.1333,92.6417,93.2227,93.8962,
84.25,90.3062,91.7304,91.8255,93.2867,94.1811,94.1156,
86.151,88.8598,91.7164,92.8252,93.278,93.9967,94.2099,
84.5553,90.1654,93.343,94.7581,95.2043,96.3051,96.8102,
80.7202,88.6264,91.2144,91.8567,93.0362,93.791,93.8837,
84.7601,91.5928,93.4302,95.7211,95.6939,95.6754,96.2157,
87.0077,88.7041,92.1672,92.9957,94.3286,94.2329,94.5637,
83.7795,88.9183,91.0898,92.5177,92.5479,92.8548,93.9275,
76.209,83.3377,87.2612,89.0885,91.3949,91.7683,92.4434,
87.0798,89.8454,91.5205,93.6191,93.2953,93.6592,94.475,
85.9395,90.8124,94.9983,96.9354,96.2253,96.4909,96.1763,
85.1036,88.125,91.9695,92.1703,92.8815,93.3097,93.9713,
77.8187,84.8924,87.4775,90.6945,91.3367,91.1618,91.4897,
84.8286,92.4712,92.8806,94.4047,94.2755,94.7837,95.7583,
75.1186,84.591,88.3925,90.9287,92.6759,92.6755,93.1765,
75.1454,82.2712,86.9703,88.6304,89.7703,90.7756,91.8233,
82.8866,88.7041,90.938,92.6553,93.3473,94.5895,95.1251,
84.5213,88.2595,90.1862,91.0002,91.9215,92.8404,93.865,
79.198,87.0641,89.8755,89.8794,91.6616,92.3901,92.6377,
81.0316,86.9893,88.4446,89.9992,91.3616,92.3048,92.8574,
85.9395,91.3038,93.4593,94.6695,94.7019,95.1444,94.5764,
76.6541,85.4477,88.2885,90.1996,91.9299,92.8476,93.4234,
85.1036,90.4878,93.343,93.9666,95.2043,95.9355,95.9668,
83.9469,88.5489,91.159,90.7453,91.4448,91.6982,92.3344,
85.1381,89.5474,91.6464,91.9297,93.1656,93.5497,93.8275,
83.4134,89.3302,91.7164,93.7708,93.9056,94.4703,94.6653,
83.6793,90.6092,91.7164,93.1668,94.5416,94.4703,94.3107,
74.9577,83.3721,86.1833,88.7955,90.7511,91.1134,91.5907,
83.7795,87.991,90.1049,91.3491,92.6845,93.0276,93.4791,
80.7202,86.8029,90.0103,91.4419,92.9674,92.9771,93.6343,
83.0834,88.8208,90.581,91.1333,92.6417,93.2227,93.8962,
84.25,90.3062,91.7304,91.8255,93.2867,94.1811,94.1156,
86.151,88.8598,91.7164,92.8252,93.278,93.9967,94.2099,
84.5553,90.1654,93.343,94.7581,95.2043,96.3051,96.8102,
80.7202,88.6264,91.2144,91.8567,93.0362,93.791,93.8837,
84.7601,91.5928,93.4302,95.7211,95.6939,95.6754,96.2157,
87.0077,88.7041,92.1672,92.9957,94.3286,94.2329,94.5637,
83.7795,88.9183,91.0898,92.5177,92.5479,92.8548,93.9275,
76.209,83.3377,87.2612,89.0885,91.3949,91.7683,92.4434,
87.0798,89.8454,91.5205,93.6191,93.2953,93.6592,94.475,
85.9395,90.8124,94.9983,96.9354,96.2253,96.4909,96.1763,
85.1036,88.125,91.9695,92.1703,92.8815,93.3097,93.9713,
77.8187,84.8924,87.4775,90.6945,91.3367,91.1618,91.4897,
84.8286,92.4712,92.8806,94.4047,94.2755,94.7837,95.7583,
75.1186,84.591,88.3925,90.9287,92.6759,92.6755,93.1765,
75.1454,82.2712,86.9703,88.6304,89.7703,90.7756,91.8233,
82.8866,88.7041,90.938,92.6553,93.3473,94.5895,95.1251,
84.5213,88.2595,90.1862,91.0002,91.9215,92.8404,93.865,
79.198,87.0641,89.8755,89.8794,91.6616,92.3901,92.6377,
81.0316,86.9893,88.4446,89.9992,91.3616,92.3048,92.8574,
85.9395,91.3038,93.4593,94.6695,94.7019,95.1444,94.5764,
76.6541,85.4477,88.2885,90.1996,91.9299,92.8476,93.4234,
85.1036,90.4878,93.343,93.9666,95.2043,95.9355,95.9668,
83.9469,88.5489,91.159,90.7453,91.4448,91.6982,92.3344,
85.1381,89.5474,91.6464,91.9297,93.1656,93.5497,93.8275,
83.4134,89.3302,91.7164,93.7708,93.9056,94.4703,94.6653,94.6415,
83.6793,90.6092,91.7164,93.1668,94.5416,94.4703,94.3107,94.1971,
74.9577,83.3721,86.1833,88.7955,90.7511,91.1134,91.5907,92.1845,
83.7795,87.991,90.1049,91.3491,92.6845,93.0276,93.4791,93.993,
80.7202,86.8029,90.0103,91.4419,92.9674,92.9771,93.6343,94.3965,
83.0834,88.8208,90.581,91.1333,92.6417,93.2227,93.8962,94.8092,
84.25,90.3062,91.7304,91.8255,93.2867,94.1811,94.1156,94.647,
86.151,88.8598,91.7164,92.8252,93.278,93.9967,94.2099,94.4632,
84.5553,90.1654,93.343,94.7581,95.2043,96.3051,96.8102,96.8458,
80.7202,88.6264,91.2144,91.8567,93.0362,93.791,93.8837,93.9985,
84.7601,91.5928,93.4302,95.7211,95.6939,95.6754,96.2157,96.5545,
87.0077,88.7041,92.1672,92.9957,94.3286,94.2329,94.5637,95,
83.7795,88.9183,91.0898,92.5177,92.5479,92.8548,93.9275,93.949,
76.209,83.3377,87.2612,89.0885,91.3949,91.7683,92.4434,92.3011,
87.0798,89.8454,91.5205,93.6191,93.2953,93.6592,94.475,95.1915,
85.9395,90.8124,94.9983,96.9354,96.2253,96.4909,96.1763,96.288,
85.1036,88.125,91.9695,92.1703,92.8815,93.3097,93.9713,95.0112,
77.8187,84.8924,87.4775,90.6945,91.3367,91.1618,91.4897,91.6319,
84.8286,92.4712,92.8806,94.4047,94.2755,94.7837,95.7583,96.3343,
75.1186,84.591,88.3925,90.9287,92.6759,92.6755,93.1765,93.724,
75.1454,82.2712,86.9703,88.6304,89.7703,90.7756,91.8233,92.6902,
82.8866,88.7041,90.938,92.6553,93.3473,94.5895,95.1251,94.8652,
84.5213,88.2595,90.1862,91.0002,91.9215,92.8404,93.865,94.6024,
79.198,87.0641,89.8755,89.8794,91.6616,92.3901,92.6377,92.8565,
81.0316,86.9893,88.4446,89.9992,91.3616,92.3048,92.8574,93.8336,
85.9395,91.3038,93.4593,94.6695,94.7019,95.1444,94.5764,94.3411,
76.6541,85.4477,88.2885,90.1996,91.9299,92.8476,93.4234,93.724,
85.1036,90.4878,93.343,93.9666,95.2043,95.9355,95.9668,96.0115,
83.9469,88.5489,91.159,90.7453,91.4448,91.6982,92.3344,92.717,
85.1381,89.5474,91.6464,91.9297,93.1656,93.5497,93.8275,94.258,
83.4134,89.3302,91.7164,93.7708,93.9056,94.4703,94.6653,94.6415,
83.6793,90.6092,91.7164,93.1668,94.5416,94.4703,94.3107,94.1971,
74.9577,83.3721,86.1833,88.7955,90.7511,91.1134,91.5907,92.1845,
83.7795,87.991,90.1049,91.3491,92.6845,93.0276,93.4791,93.993,
80.7202,86.8029,90.0103,91.4419,92.9674,92.9771,93.6343,94.3965,
83.0834,88.8208,90.581,91.1333,92.6417,93.2227,93.8962,94.8092,
84.25,90.3062,91.7304,91.8255,93.2867,94.1811,94.1156,94.647,
86.151,88.8598,91.7164,92.8252,93.278,93.9967,94.2099,94.4632,
84.5553,90.1654,93.343,94.7581,95.2043,96.3051,96.8102,96.8458,
80.7202,88.6264,91.2144,91.8567,93.0362,93.791,93.8837,93.9985,
84.7601,91.5928,93.4302,95.7211,95.6939,95.6754,96.2157,96.5545,
87.0077,88.7041,92.1672,92.9957,94.3286,94.2329,94.5637,95,
83.7795,88.9183,91.0898,92.5177,92.5479,92.8548,93.9275,93.949,
76.209,83.3377,87.2612,89.0885,91.3949,91.7683,92.4434,92.3011,
87.0798,89.8454,91.5205,93.6191,93.2953,93.6592,94.475,95.1915,
85.9395,90.8124,94.9983,96.9354,96.2253,96.4909,96.1763,96.288,
85.1036,88.125,91.9695,92.1703,92.8815,93.3097,93.9713,95.0112,
77.8187,84.8924,87.4775,90.6945,91.3367,91.1618,91.4897,91.6319,
84.8286,92.4712,92.8806,94.4047,94.2755,94.7837,95.7583,96.3343,
75.1186,84.591,88.3925,90.9287,92.6759,92.6755,93.1765,93.724,
75.1454,82.2712,86.9703,88.6304,89.7703,90.7756,91.8233,92.6902,
82.8866,88.7041,90.938,92.6553,93.3473,94.5895,95.1251,94.8652,
84.5213,88.2595,90.1862,91.0002,91.9215,92.8404,93.865,94.6024,
79.198,87.0641,89.8755,89.8794,91.6616,92.3901,92.6377,92.8565,
81.0316,86.9893,88.4446,89.9992,91.3616,92.3048,92.8574,93.8336,
85.9395,91.3038,93.4593,94.6695,94.7019,95.1444,94.5764,94.3411,
76.6541,85.4477,88.2885,90.1996,91.9299,92.8476,93.4234,93.724,
85.1036,90.4878,93.343,93.9666,95.2043,95.9355,95.9668,96.0115,
83.9469,88.5489,91.159,90.7453,91.4448,91.6982,92.3344,92.717,
85.1381,89.5474,91.6464,91.9297,93.1656,93.5497,93.8275,94.258,
83.4134,89.3302,91.7164,93.7708,93.9056,94.4703,94.6653,94.6415,95.1027,
83.6793,90.6092,91.7164,93.1668,94.5416,94.4703,94.3107,94.1971,94.5433,
74.9577,83.3721,86.1833,88.7955,90.7511,91.1134,91.5907,92.1845,91.9357,
83.7795,87.991,90.1049,91.3491,92.6845,93.0276,93.4791,93.993,94.3599,
80.7202,86.8029,90.0103,91.4419,92.9674,92.9771,93.6343,94.3965,94.5234,
83.0834,88.8208,90.581,91.1333,92.6417,93.2227,93.8962,94.8092,94.8921,
84.25,90.3062,91.7304,91.8255,93.2867,94.1811,94.1156,94.647,95.1077,
86.151,88.8598,91.7164,92.8252,93.278,93.9967,94.2099,94.4632,94.7024,
84.5553,90.1654,93.343,94.7581,95.2043,96.3051,96.8102,96.8458,96.5826,
80.7202,88.6264,91.2144,91.8567,93.0362,93.791,93.8837,93.9985,94.4837,
84.7601,91.5928,93.4302,95.7211,95.6939,95.6754,96.2157,96.5545,96.1595,
87.0077,88.7041,92.1672,92.9957,94.3286,94.2329,94.5637,95,94.9823,
83.7795,88.9183,91.0898,92.5177,92.5479,92.8548,93.9275,93.949,93.9658,
76.209,83.3377,87.2612,89.0885,91.3949,91.7683,92.4434,92.3011,92.9517,
87.0798,89.8454,91.5205,93.6191,93.2953,93.6592,94.475,95.1915,95.2335,
85.9395,90.8124,94.9983,96.9354,96.2253,96.4909,96.1763,96.288,96.0466,
85.1036,88.125,91.9695,92.1703,92.8815,93.3097,93.9713,95.0112,94.4738,
77.8187,84.8924,87.4775,90.6945,91.3367,91.1618,91.4897,91.6319,92.384,
84.8286,92.4712,92.8806,94.4047,94.2755,94.7837,95.7583,96.3343,96.7071,
75.1186,84.591,88.3925,90.9287,92.6759,92.6755,93.1765,93.724,94.1575,
75.1454,82.2712,86.9703,88.6304,89.7703,90.7756,91.8233,92.6902,93.1489,
82.8866,88.7041,90.938,92.6553,93.3473,94.5895,95.1251,94.8652,95.2638,
84.5213,88.2595,90.1862,91.0002,91.9215,92.8404,93.865,94.6024,94.35,
79.198,87.0641,89.8755,89.8794,91.6616,92.3901,92.6377,92.8565,93.2599,
81.0316,86.9893,88.4446,89.9992,91.3616,92.3048,92.8574,93.8336,94.6925,
85.9395,91.3038,93.4593,94.6695,94.7019,95.1444,94.5764,94.3411,94.6725,
76.6541,85.4477,88.2885,90.1996,91.9299,92.8476,93.4234,93.724,94.0788,
85.1036,90.4878,93.343,93.9666,95.2043,95.9355,95.9668,96.0115,96.0056,
83.9469,88.5489,91.159,90.7453,91.4448,91.6982,92.3344,92.717,92.9037,
85.1381,89.5474,91.6464,91.9297,93.1656,93.5497,93.8275,94.258,94.7174,
83.4134,89.3302,91.7164,93.7708,93.9056,94.4703,94.6653,94.6415,95.1027,
83.6793,90.6092,91.7164,93.1668,94.5416,94.4703,94.3107,94.1971,94.5433,
74.9577,83.3721,86.1833,88.7955,90.7511,91.1134,91.5907,92.1845,91.9357,
83.7795,87.991,90.1049,91.3491,92.6845,93.0276,93.4791,93.993,94.3599,
80.7202,86.8029,90.0103,91.4419,92.9674,92.9771,93.6343,94.3965,94.5234,
83.0834,88.8208,90.581,91.1333,92.6417,93.2227,93.8962,94.8092,94.8921,
84.25,90.3062,91.7304,91.8255,93.2867,94.1811,94.1156,94.647,95.1077,
86.151,88.8598,91.7164,92.8252,93.278,93.9967,94.2099,94.4632,94.7024,
84.5553,90.1654,93.343,94.7581,95.2043,96.3051,96.8102,96.8458,96.5826,
80.7202,88.6264,91.2144,91.8567,93.0362,93.791,93.8837,93.9985,94.4837,
84.7601,91.5928,93.4302,95.7211,95.6939,95.6754,96.2157,96.5545,96.1595,
87.0077,88.7041,92.1672,92.9957,94.3286,94.2329,94.5637,95,94.9823,
83.7795,88.9183,91.0898,92.5177,92.5479,92.8548,93.9275,93.949,93.9658,
76.209,83.3377,87.2612,89.0885,91.3949,91.7683,92.4434,92.3011,92.9517,
87.0798,89.8454,91.5205,93.6191,93.2953,93.6592,94.475,95.1915,95.2335,
85.9395,90.8124,94.9983,96.9354,96.2253,96.4909,96.1763,96.288,96.0466,
85.1036,88.125,91.9695,92.1703,92.8815,93.3097,93.9713,95.0112,94.4738,
77.8187,84.8924,87.4775,90.6945,91.3367,91.1618,91.4897,91.6319,92.384,
84.8286,92.4712,92.8806,94.4047,94.2755,94.7837,95.7583,96.3343,96.7071,
75.1186,84.591,88.3925,90.9287,92.6759,92.6755,93.1765,93.724,94.1575,
75.1454,82.2712,86.9703,88.6304,89.7703,90.7756,91.8233,92.6902,93.1489,
82.8866,88.7041,90.938,92.6553,93.3473,94.5895,95.1251,94.8652,95.2638,
84.5213,88.2595,90.1862,91.0002,91.9215,92.8404,93.865,94.6024,94.35,
79.198,87.0641,89.8755,89.8794,91.6616,92.3901,92.6377,92.8565,93.2599,
81.0316,86.9893,88.4446,89.9992,91.3616,92.3048,92.8574,93.8336,94.6925,
85.9395,91.3038,93.4593,94.6695,94.7019,95.1444,94.5764,94.3411,94.6725,
76.6541,85.4477,88.2885,90.1996,91.9299,92.8476,93.4234,93.724,94.0788,
85.1036,90.4878,93.343,93.9666,95.2043,95.9355,95.9668,96.0115,96.0056,
83.9469,88.5489,91.159,90.7453,91.4448,91.6982,92.3344,92.717,92.9037,
85.1381,89.5474,91.6464,91.9297,93.1656,93.5497,93.8275,94.258,94.7174,
83.4134,89.3302,91.7164,93.7708,93.9056,94.4703,94.6653,94.6415,95.1027,95.0666,
83.6793,90.6092,91.7164,93.1668,94.5416,94.4703,94.3107,94.1971,94.5433,94.3526,
74.9577,83.3721,86.1833,88.7955,90.7511,91.1134,91.5907,92.1845,91.9357,91.8854,
83.7795,87.991,90.1049,91.3491,92.6845,93.0276,93.4791,93.993,94.3599,94.189,
80.7202,86.8029,90.0103,91.4419,92.9674,92.9771,93.6343,94.3965,94.5234,94.4767,
83.0834,88.8208,90.581,91.1333,92.6417,93.2227,93.8962,94.8092,94.8921,94.9498,
84.25,90.3062,91.7304,91.8255,93.2867,94.1811,94.1156,94.647,95.1077,95.2513,
86.151,88.8598,91.7164,92.8252,93.278,93.9967,94.2099,94.4632,94.7024,95.1386,
84.5553,90.1654,93.343,94.7581,95.2043,96.3051,96.8102,96.8458,96.5826,96.0937,
80.7202,88.6264,91.2144,91.8567,93.0362,93.791,93.8837,93.9985,94.4837,94.8691,
84.7601,91.5928,93.4302,95.7211,95.6939,95.6754,96.2157,96.5545,96.1595,96.0478,
87.0077,88.7041,92.1672,92.9957,94.3286,94.2329,94.5637,95,94.9823,95.319,
83.7795,88.9183,91.0898,92.5177,92.5479,92.8548,93.9275,93.949,93.9658,95.0801,
76.209,83.3377,87.2612,89.0885,91.3949,91.7683,92.4434,92.3011,92.9517,93.1717,
87.0798,89.8454,91.5205,93.6191,93.2953,93.6592,94.475,95.1915,95.2335,95.1836,
85.9395,90.8124,94.9983,96.9354,96.2253,96.4909,96.1763,96.288,96.0466,95.8371,
85.1036,88.125,91.9695,92.1703,92.8815,93.3097,93.9713,95.0112,94.4738,94.4679,
77.8187,84.8924,87.4775,90.6945,91.3367,91.1618,91.4897,91.6319,92.384,92.117,
84.8286,92.4712,92.8806,94.4047,94.2755,94.7837,95.7583,96.3343,96.7071,97.0589,
75.1186,84.591,88.3925,90.9287,92.6759,92.6755,93.1765,93.724,94.1575,93.903,
75.1454,82.2712,86.9703,88.6304,89.7703,90.7756,91.8233,92.6902,93.1489,93.4533,
82.8866,88.7041,90.938,92.6553,93.3473,94.5895,95.1251,94.8652,95.2638,95.4639,
84.5213,88.2595,90.1862,91.0002,91.9215,92.8404,93.865,94.6024,94.35,94.9633,
79.198,87.0641,89.8755,89.8794,91.6616,92.3901,92.6377,92.8565,93.2599,93.4489,
81.0316,86.9893,88.4446,89.9992,91.3616,92.3048,92.8574,93.8336,94.6925,95.0576,
85.9395,91.3038,93.4593,94.6695,94.7019,95.1444,94.5764,94.3411,94.6725,94.7171,
76.6541,85.4477,88.2885,90.1996,91.9299,92.8476,93.4234,93.724,94.0788,94.2199,
85.1036,90.4878,93.343,93.9666,95.2043,95.9355,95.9668,96.0115,96.0056,95.9836,
83.9469,88.5489,91.159,90.7453,91.4448,91.6982,92.3344,92.717,92.9037,93.2668,
85.1381,89.5474,91.6464,91.9297,93.1656,93.5497,93.8275,94.258,94.7174,94.6502,
83.4134,89.3302,91.7164,93.7708,93.9056,94.4703,94.6653,94.6415,95.1027,95.0666,
83.6793,90.6092,91.7164,93.1668,94.5416,94.4703,94.3107,94.1971,94.5433,94.3526,
74.9577,83.3721,86.1833,88.7955,90.7511,91.1134,91.5907,92.1845,91.9357,91.8854,
83.7795,87.991,90.1049,91.3491,92.6845,93.0276,93.4791,93.993,94.3599,94.189,
80.7202,86.8029,90.0103,91.4419,92.9674,92.9771,93.6343,94.3965,94.5234,94.4767,
83.0834,88.8208,90.581,91.1333,92.6417,93.2227,93.8962,94.8092,94.8921,94.9498,
84.25,90.3062,91.7304,91.8255,93.2867,94.1811,94.1156,94.647,95.1077,95.2513,
86.151,88.8598,91.7164,92.8252,93.278,93.9967,94.2099,94.4632,94.7024,95.1386,
84.5553,90.1654,93.343,94.7581,95.2043,96.3051,96.8102,96.8458,96.5826,96.0937,
80.7202,88.6264,91.2144,91.8567,93.0362,93.791,93.8837,93.9985,94.4837,94.8691,
84.7601,91.5928,93.4302,95.7211,95.6939,95.6754,96.2157,96.5545,96.1595,96.0478,
87.0077,88.7041,92.1672,92.9957,94.3286,94.2329,94.5637,95,94.9823,95.319,
83.7795,88.9183,91.0898,92.5177,92.5479,92.8548,93.9275,93.949,93.9658,95.0801,
76.209,83.3377,87.2612,89.0885,91.3949,91.7683,92.4434,92.3011,92.9517,93.1717,
87.0798,89.8454,91.5205,93.6191,93.2953,93.6592,94.475,95.1915,95.2335,95.1836,
85.9395,90.8124,94.9983,96.9354,96.2253,96.4909,96.1763,96.288,96.0466,95.8371,
85.1036,88.125,91.9695,92.1703,92.8815,93.3097,93.9713,95.0112,94.4738,94.4679,
77.8187,84.8924,87.4775,90.6945,91.3367,91.1618,91.4897,91.6319,92.384,92.117,
84.8286,92.4712,92.8806,94.4047,94.2755,94.7837,95.7583,96.3343,96.7071,97.0589,
75.1186,84.591,88.3925,90.9287,92.6759,92.6755,93.1765,93.724,94.1575,93.903,
75.1454,82.2712,86.9703,88.6304,89.7703,90.7756,91.8233,92.6902,93.1489,93.4533,
82.8866,88.7041,90.938,92.6553,93.3473,94.5895,95.1251,94.8652,95.2638,95.4639,
84.5213,88.2595,90.1862,91.0002,91.9215,92.8404,93.865,94.6024,94.35,94.9633,
79.198,87.0641,89.8755,89.8794,91.6616,92.3901,92.6377,92.8565,93.2599,93.4489,
81.0316,86.9893,88.4446,89.9992,91.3616,92.3048,92.8574,93.8336,94.6925,95.0576,
85.9395,91.3038,93.4593,94.6695,94.7019,95.1444,94.5764,94.3411,94.6725,94.7171,
76.6541,85.4477,88.2885,90.1996,91.9299,92.8476,93.4234,93.724,94.0788,94.2199,
85.1036,90.4878,93.343,93.9666,95.2043,95.9355,95.9668,96.0115,96.0056,95.9836,
83.9469,88.5489,91.159,90.7453,91.4448,91.6982,92.3344,92.717,92.9037,93.2668,
85.1381,89.5474,91.6464,91.9297,93.1656,93.5497,93.8275,94.258,94.7174,94.6502,
83.4134,89.3302,91.7164,93.7708,93.9056,94.4703,94.6653,94.6415,95.1027,95.0666,95.5735,
83.6793,90.6092,91.7164,93.1668,94.5416,94.4703,94.3107,94.1971,94.5433,94.3526,94.4599,
74.9577,83.3721,86.1833,88.7955,90.7511,91.1134,91.5907,92.1845,91.9357,91.8854,92.2315,
83.7795,87.991,90.1049,91.3491,92.6845,93.0276,93.4791,93.993,94.3599,94.189,94.3427,
80.7202,86.8029,90.0103,91.4419,92.9674,92.9771,93.6343,94.3965,94.5234,94.4767,94.3467,
83.0834,88.8208,90.581,91.1333,92.6417,93.2227,93.8962,94.8092,94.8921,94.9498,95.0053,
84.25,90.3062,91.7304,91.8255,93.2867,94.1811,94.1156,94.647,95.1077,95.2513,95.1488,
86.151,88.8598,91.7164,92.8252,93.278,93.9967,94.2099,94.4632,94.7024,95.1386,95.3751,
84.5553,90.1654,93.343,94.7581,95.2043,96.3051,96.8102,96.8458,96.5826,96.0937,95.5156,
80.7202,88.6264,91.2144,91.8567,93.0362,93.791,93.8837,93.9985,94.4837,94.8691,94.899,
84.7601,91.5928,93.4302,95.7211,95.6939,95.6754,96.2157,96.5545,96.1595,96.0478,95.9395,
87.0077,88.7041,92.1672,92.9957,94.3286,94.2329,94.5637,95,94.9823,95.319,95.2104,
83.7795,88.9183,91.0898,92.5177,92.5479,92.8548,93.9275,93.949,93.9658,95.0801,95.2556,
76.209,83.3377,87.2612,89.0885,91.3949,91.7683,92.4434,92.3011,92.9517,93.1717,93.2534,
87.0798,89.8454,91.5205,93.6191,93.2953,93.6592,94.475,95.1915,95.2335,95.1836,94.9889,
85.9395,90.8124,94.9983,96.9354,96.2253,96.4909,96.1763,96.288,96.0466,95.8371,96.0481,
85.1036,88.125,91.9695,92.1703,92.8815,93.3097,93.9713,95.0112,94.4738,94.4679,94.6627,
77.8187,84.8924,87.4775,90.6945,91.3367,91.1618,91.4897,91.6319,92.384,92.117,92.7552,
84.8286,92.4712,92.8806,94.4047,94.2755,94.7837,95.7583,96.3343,96.7071,97.0589,97.4748,
75.1186,84.591,88.3925,90.9287,92.6759,92.6755,93.1765,93.724,94.1575,93.903,94.2741,
75.1454,82.2712,86.9703,88.6304,89.7703,90.7756,91.8233,92.6902,93.1489,93.4533,93.7969,
82.8866,88.7041,90.938,92.6553,93.3473,94.5895,95.1251,94.8652,95.2638,95.4639,96.0398,
84.5213,88.2595,90.1862,91.0002,91.9215,92.8404,93.865,94.6024,94.35,94.9633,94.9194,
79.198,87.0641,89.8755,89.8794,91.6616,92.3901,92.6377,92.8565,93.2599,93.4489,93.3166,
81.0316,86.9893,88.4446,89.9992,91.3616,92.3048,92.8574,93.8336,94.6925,95.0576,95.038,
85.9395,91.3038,93.4593,94.6695,94.7019,95.1444,94.5764,94.3411,94.6725,94.7171,94.9562,
76.6541,85.4477,88.2885,90.1996,91.9299,92.8476,93.4234,93.724,94.0788,94.2199,94.5004,
85.1036,90.4878,93.343,93.9666,95.2043,95.9355,95.9668,96.0115,96.0056,95.9836,96.0816,
83.9469,88.5489,91.159,90.7453,91.4448,91.6982,92.3344,92.717,92.9037,93.2668,93.0567,
85.1381,89.5474,91.6464,91.9297,93.1656,93.5497,93.8275,94.258,94.7174,94.6502,94.7644,
83.4134,89.3302,91.7164,93.7708,93.9056,94.4703,94.6653,94.6415,95.1027,95.0666,95.5735,
83.6793,90.6092,91.7164,93.1668,94.5416,94.4703,94.3107,94.1971,94.5433,94.3526,94.4599,
74.9577,83.3721,86.1833,88.7955,90.7511,91.1134,91.5907,92.1845,91.9357,91.8854,92.2315,
83.7795,87.991,90.1049,91.3491,92.6845,93.0276,93.4791,93.993,94.3599,94.189,94.3427,
80.7202,86.8029,90.0103,91.4419,92.9674,92.9771,93.6343,94.3965,94.5234,94.4767,94.3467,
83.0834,88.8208,90.581,91.1333,92.6417,93.2227,93.8962,94.8092,94.8921,94.9498,95.0053,
84.25,90.3062,91.7304,91.8255,93.2867,94.1811,94.1156,94.647,95.1077,95.2513,95.1488,
86.151,88.8598,91.7164,92.8252,93.278,93.9967,94.2099,94.4632,94.7024,95.1386,95.3751,
84.5553,90.1654,93.343,94.7581,95.2043,96.3051,96.8102,96.8458,96.5826,96.0937,95.5156,
80.7202,88.6264,91.2144,91.8567,93.0362,93.791,93.8837,93.9985,94.4837,94.8691,94.899,
84.7601,91.5928,93.4302,95.7211,95.6939,95.6754,96.2157,96.5545,96.1595,96.0478,95.9395,
87.0077,88.7041,92.1672,92.9957,94.3286,94.2329,94.5637,95,94.9823,95.319,95.2104,
83.7795,88.9183,91.0898,92.5177,92.5479,92.8548,93.9275,93.949,93.9658,95.0801,95.2556,
76.209,83.3377,87.2612,89.0885,91.3949,91.7683,92.4434,92.3011,92.9517,93.1717,93.2534,
87.0798,89.8454,91.5205,93.6191,93.2953,93.6592,94.475,95.1915,95.2335,95.1836,94.9889,
85.9395,90.8124,94.9983,96.9354,96.2253,96.4909,96.1763,96.288,96.0466,95.8371,96.0481,
85.1036,88.125,91.9695,92.1703,92.8815,93.3097,93.9713,95.0112,94.4738,94.4679,94.6627,
77.8187,84.8924,87.4775,90.6945,91.3367,91.1618,91.4897,91.6319,92.384,92.117,92.7552,
84.8286,92.4712,92.8806,94.4047,94.2755,94.7837,95.7583,96.3343,96.7071,97.0589,97.4748,
75.1186,84.591,88.3925,90.9287,92.6759,92.6755,93.1765,93.724,94.1575,93.903,94.2741,
75.1454,82.2712,86.9703,88.6304,89.7703,90.7756,91.8233,92.6902,93.1489,93.4533,93.7969,
82.8866,88.7041,90.938,92.6553,93.3473,94.5895,95.1251,94.8652,95.2638,95.4639,96.0398,
84.5213,88.2595,90.1862,91.0002,91.9215,92.8404,93.865,94.6024,94.35,94.9633,94.9194,
79.198,87.0641,89.8755,89.8794,91.6616,92.3901,92.6377,92.8565,93.2599,93.4489,93.3166,
81.0316,86.9893,88.4446,89.9992,91.3616,92.3048,92.8574,93.8336,94.6925,95.0576,95.038,
85.9395,91.3038,93.4593,94.6695,94.7019,95.1444,94.5764,94.3411,94.6725,94.7171,94.9562,
76.6541,85.4477,88.2885,90.1996,91.9299,92.8476,93.4234,93.724,94.0788,94.2199,94.5004,
85.1036,90.4878,93.343,93.9666,95.2043,95.9355,95.9668,96.0115,96.0056,95.9836,96.0816,
83.9469,88.5489,91.159,90.7453,91.4448,91.6982,92.3344,92.717,92.9037,93.2668,93.0567,
85.1381,89.5474,91.6464,91.9297,93.1656,93.5497,93.8275,94.258,94.7174,94.6502,94.7644,
83.4134,89.3302,91.7164,93.7708,93.9056,94.4703,94.6653,94.6415,95.1027,95.0666,95.5735,95.3615,
83.6793,90.6092,91.7164,93.1668,94.5416,94.4703,94.3107,94.1971,94.5433,94.3526,94.4599,94.4607,
74.9577,83.3721,86.1833,88.7955,90.7511,91.1134,91.5907,92.1845,91.9357,91.8854,92.2315,92.8958,
83.7795,87.991,90.1049,91.3491,92.6845,93.0276,93.4791,93.993,94.3599,94.189,94.3427,94.8302,
80.7202,86.8029,90.0103,91.4419,92.9674,92.9771,93.6343,94.3965,94.5234,94.4767,94.3467,94.4755,
83.0834,88.8208,90.581,91.1333,92.6417,93.2227,93.8962,94.8092,94.8921,94.9498,95.0053,95.1724,
84.25,90.3062,91.7304,91.8255,93.2867,94.1811,94.1156,94.647,95.1077,95.2513,95.1488,95.0329,
86.151,88.8598,91.7164,92.8252,93.278,93.9967,94.2099,94.4632,94.7024,95.1386,95.3751,95.4829,
84.5553,90.1654,93.343,94.7581,95.2043,96.3051,96.8102,96.8458,96.5826,96.0937,95.5156,95.7037,
80.7202,88.6264,91.2144,91.8567,93.0362,93.791,93.8837,93.9985,94.4837,94.8691,94.899,94.984,
84.7601,91.5928,93.4302,95.7211,95.6939,95.6754,96.2157,96.5545,96.1595,96.0478,95.9395,95.7572,
87.0077,88.7041,92.1672,92.9957,94.3286,94.2329,94.5637,95,94.9823,95.319,95.2104,95.4525,
83.7795,88.9183,91.0898,92.5177,92.5479,92.8548,93.9275,93.949,93.9658,95.0801,95.2556,95.3122,
76.209,83.3377,87.2612,89.0885,91.3949,91.7683,92.4434,92.3011,92.9517,93.1717,93.2534,93.4383,
87.0798,89.8454,91.5205,93.6191,93.2953,93.6592,94.475,95.1915,95.2335,95.1836,94.9889,95.6427,
85.9395,90.8124,94.9983,96.9354,96.2253,96.4909,96.1763,96.288,96.0466,95.8371,96.0481,96.2564,
85.1036,88.125,91.9695,92.1703,92.8815,93.3097,93.9713,95.0112,94.4738,94.4679,94.6627,94.7665,
77.8187,84.8924,87.4775,90.6945,91.3367,91.1618,91.4897,91.6319,92.384,92.117,92.7552,93.1518,
84.8286,92.4712,92.8806,94.4047,94.2755,94.7837,95.7583,96.3343,96.7071,97.0589,97.4748,97.7621,
75.1186,84.591,88.3925,90.9287,92.6759,92.6755,93.1765,93.724,94.1575,93.903,94.2741,94.2307,
75.1454,82.2712,86.9703,88.6304,89.7703,90.7756,91.8233,92.6902,93.1489,93.4533,93.7969,93.8512,
82.8866,88.7041,90.938,92.6553,93.3473,94.5895,95.1251,94.8652,95.2638,95.4639,96.0398,96.4343,
84.5213,88.2595,90.1862,91.0002,91.9215,92.8404,93.865,94.6024,94.35,94.9633,94.9194,94.7628,
79.198,87.0641,89.8755,89.8794,91.6616,92.3901,92.6377,92.8565,93.2599,93.4489,93.3166,93.9063,
81.0316,86.9893,88.4446,89.9992,91.3616,92.3048,92.8574,93.8336,94.6925,95.0576,95.038,94.8714,
85.9395,91.3038,93.4593,94.6695,94.7019,95.1444,94.5764,94.3411,94.6725,94.7171,94.9562,95.1271,
76.6541,85.4477,88.2885,90.1996,91.9299,92.8476,93.4234,93.724,94.0788,94.2199,94.5004,94.4681,
85.1036,90.4878,93.343,93.9666,95.2043,95.9355,95.9668,96.0115,96.0056,95.9836,96.0816,96.1022,
83.9469,88.5489,91.159,90.7453,91.4448,91.6982,92.3344,92.717,92.9037,93.2668,93.0567,93.2278,
85.1381,89.5474,91.6464,91.9297,93.1656,93.5497,93.8275,94.258,94.7174,94.6502,94.7644,94.353,
83.4134,89.3302,91.7164,93.7708,93.9056,94.4703,94.6653,94.6415,95.1027,95.0666,95.5735,95.3615,
83.6793,90.6092,91.7164,93.1668,94.5416,94.4703,94.3107,94.1971,94.5433,94.3526,94.4599,94.4607,
74.9577,83.3721,86.1833,88.7955,90.7511,91.1134,91.5907,92.1845,91.9357,91.8854,92.2315,92.8958,
83.7795,87.991,90.1049,91.3491,92.6845,93.0276,93.4791,93.993,94.3599,94.189,94.3427,94.8302,
80.7202,86.8029,90.0103,91.4419,92.9674,92.9771,93.6343,94.3965,94.5234,94.4767,94.3467,94.4755,
83.0834,88.8208,90.581,91.1333,92.6417,93.2227,93.8962,94.8092,94.8921,94.9498,95.0053,95.1724,
84.25,90.3062,91.7304,91.8255,93.2867,94.1811,94.1156,94.647,95.1077,95.2513,95.1488,95.0329,
86.151,88.8598,91.7164,92.8252,93.278,93.9967,94.2099,94.4632,94.7024,95.1386,95.3751,95.4829,
84.5553,90.1654,93.343,94.7581,95.2043,96.3051,96.8102,96.8458,96.5826,96.0937,95.5156,95.7037,
80.7202,88.6264,91.2144,91.8567,93.0362,93.791,93.8837,93.9985,94.4837,94.8691,94.899,94.984,
84.7601,91.5928,93.4302,95.7211,95.6939,95.6754,96.2157,96.5545,96.1595,96.0478,95.9395,95.7572,
87.0077,88.7041,92.1672,92.9957,94.3286,94.2329,94.5637,95,94.9823,95.319,95.2104,95.4525,
83.7795,88.9183,91.0898,92.5177,92.5479,92.8548,93.9275,93.949,93.9658,95.0801,95.2556,95.3122,
76.209,83.3377,87.2612,89.0885,91.3949,91.7683,92.4434,92.3011,92.9517,93.1717,93.2534,93.4383,
87.0798,89.8454,91.5205,93.6191,93.2953,93.6592,94.475,95.1915,95.2335,95.1836,94.9889,95.6427,
85.9395,90.8124,94.9983,96.9354,96.2253,96.4909,96.1763,96.288,96.0466,95.8371,96.0481,96.2564,
85.1036,88.125,91.9695,92.1703,92.8815,93.3097,93.9713,95.0112,94.4738,94.4679,94.6627,94.7665,
77.8187,84.8924,87.4775,90.6945,91.3367,91.1618,91.4897,91.6319,92.384,92.117,92.7552,93.1518,
84.8286,92.4712,92.8806,94.4047,94.2755,94.7837,95.7583,96.3343,96.7071,97.0589,97.4748,97.7621,
75.1186,84.591,88.3925,90.9287,92.6759,92.6755,93.1765,93.724,94.1575,93.903,94.2741,94.2307,
75.1454,82.2712,86.9703,88.6304,89.7703,90.7756,91.8233,92.6902,93.1489,93.4533,93.7969,93.8512,
82.8866,88.7041,90.938,92.6553,93.3473,94.5895,95.1251,94.8652,95.2638,95.4639,96.0398,96.4343,
84.5213,88.2595,90.1862,91.0002,91.9215,92.8404,93.865,94.6024,94.35,94.9633,94.9194,94.7628,
79.198,87.0641,89.8755,89.8794,91.6616,92.3901,92.6377,92.8565,93.2599,93.4489,93.3166,93.9063,
81.0316,86.9893,88.4446,89.9992,91.3616,92.3048,92.8574,93.8336,94.6925,95.0576,95.038,94.8714,
85.9395,91.3038,93.4593,94.6695,94.7019,95.1444,94.5764,94.3411,94.6725,94.7171,94.9562,95.1271,
76.6541,85.4477,88.2885,90.1996,91.9299,92.8476,93.4234,93.724,94.0788,94.2199,94.5004,94.4681,
85.1036,90.4878,93.343,93.9666,95.2043,95.9355,95.9668,96.0115,96.0056,95.9836,96.0816,96.1022,
83.9469,88.5489,91.159,90.7453,91.4448,91.6982,92.3344,92.717,92.9037,93.2668,93.0567,93.2278,
85.1381,89.5474,91.6464,91.9297,93.1656,93.5497,93.8275,94.258,94.7174,94.6502,94.7644,94.353,
83.4134,89.3302,91.7164,93.7708,93.9056,94.4703,94.6653,94.6415,95.1027,95.0666,95.5735,95.3615,95.5639,
83.6793,90.6092,91.7164,93.1668,94.5416,94.4703,94.3107,94.1971,94.5433,94.3526,94.4599,94.4607,94.1301,
74.9577,83.3721,86.1833,88.7955,90.7511,91.1134,91.5907,92.1845,91.9357,91.8854,92.2315,92.8958,93.3357,
83.7795,87.991,90.1049,91.3491,92.6845,93.0276,93.4791,93.993,94.3599,94.189,94.3427,94.8302,94.4948,
80.7202,86.8029,90.0103,91.4419,92.9674,92.9771,93.6343,94.3965,94.5234,94.4767,94.3467,94.4755,94.3342,
83.0834,88.8208,90.581,91.1333,92.6417,93.2227,93.8962,94.8092,94.8921,94.9498,95.0053,95.1724,95.5569,
84.25,90.3062,91.7304,91.8255,93.2867,94.1811,94.1156,94.647,95.1077,95.2513,95.1488,95.0329,95.3161,
86.151,88.8598,91.7164,92.8252,93.278,93.9967,94.2099,94.4632,94.7024,95.1386,95.3751,95.4829,95.676,
84.5553,90.1654,93.343,94.7581,95.2043,96.3051,96.8102,96.8458,96.5826,96.0937,95.5156,95.7037,95.7672,
80.7202,88.6264,91.2144,91.8567,93.0362,93.791,93.8837,93.9985,94.4837,94.8691,94.899,94.984,94.8554,
84.7601,91.5928,93.4302,95.7211,95.6939,95.6754,96.2157,96.5545,96.1595,96.0478,95.9395,95.7572,95.5919,
87.0077,88.7041,92.1672,92.9957,94.3286,94.2329,94.5637,95,94.9823,95.319,95.2104,95.4525,95.48,
83.7795,88.9183,91.0898,92.5177,92.5479,92.8548,93.9275,93.949,93.9658,95.0801,95.2556,95.3122,95.7146,
76.209,83.3377,87.2612,89.0885,91.3949,91.7683,92.4434,92.3011,92.9517,93.1717,93.2534,93.4383,93.8661,
87.0798,89.8454,91.5205,93.6191,93.2953,93.6592,94.475,95.1915,95.2335,95.1836,94.9889,95.6427,95.7954,
85.9395,90.8124,94.9983,96.9354,96.2253,96.4909,96.1763,96.288,96.0466,95.8371,96.0481,96.2564,95.6269,
85.1036,88.125,91.9695,92.1703,92.8815,93.3097,93.9713,95.0112,94.4738,94.4679,94.6627,94.7665,95.3196,
77.8187,84.8924,87.4775,90.6945,91.3367,91.1618,91.4897,91.6319,92.384,92.117,92.7552,93.1518,93.3858,
84.8286,92.4712,92.8806,94.4047,94.2755,94.7837,95.7583,96.3343,96.7071,97.0589,97.4748,97.7621,97.63,
75.1186,84.591,88.3925,90.9287,92.6759,92.6755,93.1765,93.724,94.1575,93.903,94.2741,94.2307,94.2729,
75.1454,82.2712,86.9703,88.6304,89.7703,90.7756,91.8233,92.6902,93.1489,93.4533,93.7969,93.8512,94.3308,
82.8866,88.7041,90.938,92.6553,93.3473,94.5895,95.1251,94.8652,95.2638,95.4639,96.0398,96.4343,96.4396,
84.5213,88.2595,90.1862,91.0002,91.9215,92.8404,93.865,94.6024,94.35,94.9633,94.9194,94.7628,94.7624,
79.198,87.0641,89.8755,89.8794,91.6616,92.3901,92.6377,92.8565,93.2599,93.4489,93.3166,93.9063,94.1913,
81.0316,86.9893,88.4446,89.9992,91.3616,92.3048,92.8574,93.8336,94.6925,95.0576,95.038,94.8714,94.8898,
85.9395,91.3038,93.4593,94.6695,94.7019,95.1444,94.5764,94.3411,94.6725,94.7171,94.9562,95.1271,95.0142,
76.6541,85.4477,88.2885,90.1996,91.9299,92.8476,93.4234,93.724,94.0788,94.2199,94.5004,94.4681,94.5735,
85.1036,90.4878,93.343,93.9666,95.2043,95.9355,95.9668,96.0115,96.0056,95.9836,96.0816,96.1022,96.0492,
83.9469,88.5489,91.159,90.7453,91.4448,91.6982,92.3344,92.717,92.9037,93.2668,93.0567,93.2278,93.5364,
85.1381,89.5474,91.6464,91.9297,93.1656,93.5497,93.8275,94.258,94.7174,94.6502,94.7644,94.353,94.7142,
83.4134,89.3302,91.7164,93.7708,93.9056,94.4703,94.6653,94.6415,95.1027,95.0666,95.5735,95.3615,95.5639,
83.6793,90.6092,91.7164,93.1668,94.5416,94.4703,94.3107,94.1971,94.5433,94.3526,94.4599,94.4607,94.1301,
74.9577,83.3721,86.1833,88.7955,90.7511,91.1134,91.5907,92.1845,91.9357,91.8854,92.2315,92.8958,93.3357,
83.7795,87.991,90.1049,91.3491,92.6845,93.0276,93.4791,93.993,94.3599,94.189,94.3427,94.8302,94.4948,
80.7202,86.8029,90.0103,91.4419,92.9674,92.9771,93.6343,94.3965,94.5234,94.4767,94.3467,94.4755,94.3342,
83.0834,88.8208,90.581,91.1333,92.6417,93.2227,93.8962,94.8092,94.8921,94.9498,95.0053,95.1724,95.5569,
84.25,90.3062,91.7304,91.8255,93.2867,94.1811,94.1156,94.647,95.1077,95.2513,95.1488,95.0329,95.3161,
86.151,88.8598,91.7164,92.8252,93.278,93.9967,94.2099,94.4632,94.7024,95.1386,95.3751,95.4829,95.676,
84.5553,90.1654,93.343,94.7581,95.2043,96.3051,96.8102,96.8458,96.5826,96.0937,95.5156,95.7037,95.7672,
80.7202,88.6264,91.2144,91.8567,93.0362,93.791,93.8837,93.9985,94.4837,94.8691,94.899,94.984,94.8554,
84.7601,91.5928,93.4302,95.7211,95.6939,95.6754,96.2157,96.5545,96.1595,96.0478,95.9395,95.7572,95.5919,
87.0077,88.7041,92.1672,92.9957,94.3286,94.2329,94.5637,95,94.9823,95.319,95.2104,95.4525,95.48,
83.7795,88.9183,91.0898,92.5177,92.5479,92.8548,93.9275,93.949,93.9658,95.0801,95.2556,95.3122,95.7146,
76.209,83.3377,87.2612,89.0885,91.3949,91.7683,92.4434,92.3011,92.9517,93.1717,93.2534,93.4383,93.8661,
87.0798,89.8454,91.5205,93.6191,93.2953,93.6592,94.475,95.1915,95.2335,95.1836,94.9889,95.6427,95.7954,
85.9395,90.8124,94.9983,96.9354,96.2253,96.4909,96.1763,96.288,96.0466,95.8371,96.0481,96.2564,95.6269,
85.1036,88.125,91.9695,92.1703,92.8815,93.3097,93.9713,95.0112,94.4738,94.4679,94.6627,94.7665,95.3196,
77.8187,84.8924,87.4775,90.6945,91.3367,91.1618,91.4897,91.6319,92.384,92.117,92.7552,93.1518,93.3858,
84.8286,92.4712,92.8806,94.4047,94.2755,94.7837,95.7583,96.3343,96.7071,97.0589,97.4748,97.7621,97.63,
75.1186,84.591,88.3925,90.9287,92.6759,92.6755,93.1765,93.724,94.1575,93.903,94.2741,94.2307,94.2729,
75.1454,82.2712,86.9703,88.6304,89.7703,90.7756,91.8233,92.6902,93.1489,93.4533,93.7969,93.8512,94.3308,
82.8866,88.7041,90.938,92.6553,93.3473,94.5895,95.1251,94.8652,95.2638,95.4639,96.0398,96.4343,96.4396,
84.5213,88.2595,90.1862,91.0002,91.9215,92.8404,93.865,94.6024,94.35,94.9633,94.9194,94.7628,94.7624,
79.198,87.0641,89.8755,89.8794,91.6616,92.3901,92.6377,92.8565,93.2599,93.4489,93.3166,93.9063,94.1913,
81.0316,86.9893,88.4446,89.9992,91.3616,92.3048,92.8574,93.8336,94.6925,95.0576,95.038,94.8714,94.8898,
85.9395,91.3038,93.4593,94.6695,94.7019,95.1444,94.5764,94.3411,94.6725,94.7171,94.9562,95.1271,95.0142,
76.6541,85.4477,88.2885,90.1996,91.9299,92.8476,93.4234,93.724,94.0788,94.2199,94.5004,94.4681,94.5735,
85.1036,90.4878,93.343,93.9666,95.2043,95.9355,95.9668,96.0115,96.0056,95.9836,96.0816,96.1022,96.0492,
83.9469,88.5489,91.159,90.7453,91.4448,91.6982,92.3344,92.717,92.9037,93.2668,93.0567,93.2278,93.5364,
85.1381,89.5474,91.6464,91.9297,93.1656,93.5497,93.8275,94.258,94.7174,94.6502,94.7644,94.353,94.7142,
83.4134,89.3302,91.7164,93.7708,93.9056,94.4703,94.6653,94.6415,95.1027,95.0666,95.5735,95.3615,95.5639,95.409,
83.6793,90.6092,91.7164,93.1668,94.5416,94.4703,94.3107,94.1971,94.5433,94.3526,94.4599,94.4607,94.1301,94.1283,
74.9577,83.3721,86.1833,88.7955,90.7511,91.1134,91.5907,92.1845,91.9357,91.8854,92.2315,92.8958,93.3357,93.3887,
83.7795,87.991,90.1049,91.3491,92.6845,93.0276,93.4791,93.993,94.3599,94.189,94.3427,94.8302,94.4948,95.0566,
80.7202,86.8029,90.0103,91.4419,92.9674,92.9771,93.6343,94.3965,94.5234,94.4767,94.3467,94.4755,94.3342,94.369,
83.0834,88.8208,90.581,91.1333,92.6417,93.2227,93.8962,94.8092,94.8921,94.9498,95.0053,95.1724,95.5569,95.6628,
84.25,90.3062,91.7304,91.8255,93.2867,94.1811,94.1156,94.647,95.1077,95.2513,95.1488,95.0329,95.3161,95.6204,
86.151,88.8598,91.7164,92.8252,93.278,93.9967,94.2099,94.4632,94.7024,95.1386,95.3751,95.4829,95.676,95.5911,
84.5553,90.1654,93.343,94.7581,95.2043,96.3051,96.8102,96.8458,96.5826,96.0937,95.5156,95.7037,95.7672,95.6759,
80.7202,88.6264,91.2144,91.8567,93.0362,93.791,93.8837,93.9985,94.4837,94.8691,94.899,94.984,94.8554,94.5471,
84.7601,91.5928,93.4302,95.7211,95.6939,95.6754,96.2157,96.5545,96.1595,96.0478,95.9395,95.7572,95.5919,95.6693,
87.0077,88.7041,92.1672,92.9957,94.3286,94.2329,94.5637,95,94.9823,95.319,95.2104,95.4525,95.48,95.8524,
83.7795,88.9183,91.0898,92.5177,92.5479,92.8548,93.9275,93.949,93.9658,95.0801,95.2556,95.3122,95.7146,95.5488,
76.209,83.3377,87.2612,89.0885,91.3949,91.7683,92.4434,92.3011,92.9517,93.1717,93.2534,93.4383,93.8661,93.8826,
87.0798,89.8454,91.5205,93.6191,93.2953,93.6592,94.475,95.1915,95.2335,95.1836,94.9889,95.6427,95.7954,95.7281,
85.9395,90.8124,94.9983,96.9354,96.2253,96.4909,96.1763,96.288,96.0466,95.8371,96.0481,96.2564,95.6269,95.5195,
85.1036,88.125,91.9695,92.1703,92.8815,93.3097,93.9713,95.0112,94.4738,94.4679,94.6627,94.7665,95.3196,95.2859,
77.8187,84.8924,87.4775,90.6945,91.3367,91.1618,91.4897,91.6319,92.384,92.117,92.7552,93.1518,93.3858,93.7352,
84.8286,92.4712,92.8806,94.4047,94.2755,94.7837,95.7583,96.3343,96.7071,97.0589,97.4748,97.7621,97.63,97.7293,
75.1186,84.591,88.3925,90.9287,92.6759,92.6755,93.1765,93.724,94.1575,93.903,94.2741,94.2307,94.2729,94.5918,
75.1454,82.2712,86.9703,88.6304,89.7703,90.7756,91.8233,92.6902,93.1489,93.4533,93.7969,93.8512,94.3308,94.1378,
82.8866,88.7041,90.938,92.6553,93.3473,94.5895,95.1251,94.8652,95.2638,95.4639,96.0398,96.4343,96.4396,96.3,
84.5213,88.2595,90.1862,91.0002,91.9215,92.8404,93.865,94.6024,94.35,94.9633,94.9194,94.7628,94.7624,94.8445,
79.198,87.0641,89.8755,89.8794,91.6616,92.3901,92.6377,92.8565,93.2599,93.4489,93.3166,93.9063,94.1913,93.8826,
81.0316,86.9893,88.4446,89.9992,91.3616,92.3048,92.8574,93.8336,94.6925,95.0576,95.038,94.8714,94.8898,94.7068,
85.9395,91.3038,93.4593,94.6695,94.7019,95.1444,94.5764,94.3411,94.6725,94.7171,94.9562,95.1271,95.0142,95.0534,
76.6541,85.4477,88.2885,90.1996,91.9299,92.8476,93.4234,93.724,94.0788,94.2199,94.5004,94.4681,94.5735,94.8733,
85.1036,90.4878,93.343,93.9666,95.2043,95.9355,95.9668,96.0115,96.0056,95.9836,96.0816,96.1022,96.0492,95.5195,
83.9469,88.5489,91.159,90.7453,91.4448,91.6982,92.3344,92.717,92.9037,93.2668,93.0567,93.2278,93.5364,93.7508,
85.1381,89.5474,91.6464,91.9297,93.1656,93.5497,93.8275,94.258,94.7174,94.6502,94.7644,94.353,94.7142,94.9279,
83.4134,89.3302,91.7164,93.7708,93.9056,94.4703,94.6653,94.6415,95.1027,95.0666,95.5735,95.3615,95.5639,95.409,
83.6793,90.6092,91.7164,93.1668,94.5416,94.4703,94.3107,94.1971,94.5433,94.3526,94.4599,94.4607,94.1301,94.1283,
74.9577,83.3721,86.1833,88.7955,90.7511,91.1134,91.5907,92.1845,91.9357,91.8854,92.2315,92.8958,93.3357,93.3887,
83.7795,87.991,90.1049,91.3491,92.6845,93.0276,93.4791,93.993,94.3599,94.189,94.3427,94.8302,94.4948,95.0566,
80.7202,86.8029,90.0103,91.4419,92.9674,92.9771,93.6343,94.3965,94.5234,94.4767,94.3467,94.4755,94.3342,94.369,
83.0834,88.8208,90.581,91.1333,92.6417,93.2227,93.8962,94.8092,94.8921,94.9498,95.0053,95.1724,95.5569,95.6628,
84.25,90.3062,91.7304,91.8255,93.2867,94.1811,94.1156,94.647,95.1077,95.2513,95.1488,95.0329,95.3161,95.6204,
86.151,88.8598,91.7164,92.8252,93.278,93.9967,94.2099,94.4632,94.7024,95.1386,95.3751,95.4829,95.676,95.5911,
84.5553,90.1654,93.343,94.7581,95.2043,96.3051,96.8102,96.8458,96.5826,96.0937,95.5156,95.7037,95.7672,95.6759,
80.7202,88.6264,91.2144,91.8567,93.0362,93.791,93.8837,93.9985,94.4837,94.8691,94.899,94.984,94.8554,94.5471,
84.7601,91.5928,93.4302,95.7211,95.6939,95.6754,96.2157,96.5545,96.1595,96.0478,95.9395,95.7572,95.5919,95.6693,
87.0077,88.7041,92.1672,92.9957,94.3286,94.2329,94.5637,95,94.9823,95.319,95.2104,95.4525,95.48,95.8524,
83.7795,88.9183,91.0898,92.5177,92.5479,92.8548,93.9275,93.949,93.9658,95.0801,95.2556,95.3122,95.7146,95.5488,
76.209,83.3377,87.2612,89.0885,91.3949,91.7683,92.4434,92.3011,92.9517,93.1717,93.2534,93.4383,93.8661,93.8826,
87.0798,89.8454,91.5205,93.6191,93.2953,93.6592,94.475,95.1915,95.2335,95.1836,94.9889,95.6427,95.7954,95.7281,
85.9395,90.8124,94.9983,96.9354,96.2253,96.4909,96.1763,96.288,96.0466,95.8371,96.0481,96.2564,95.6269,95.5195,
85.1036,88.125,91.9695,92.1703,92.8815,93.3097,93.9713,95.0112,94.4738,94.4679,94.6627,94.7665,95.3196,95.2859,
77.8187,84.8924,87.4775,90.6945,91.3367,91.1618,91.4897,91.6319,92.384,92.117,92.7552,93.1518,93.3858,93.7352,
84.8286,92.4712,92.8806,94.4047,94.2755,94.7837,95.7583,96.3343,96.7071,97.0589,97.4748,97.7621,97.63,97.7293,
75.1186,84.591,88.3925,90.9287,92.6759,92.6755,93.1765,93.724,94.1575,93.903,94.2741,94.2307,94.2729,94.5918,
75.1454,82.2712,86.9703,88.6304,89.7703,90.7756,91.8233,92.6902,93.1489,93.4533,93.7969,93.8512,94.3308,94.1378,
82.8866,88.7041,90.938,92.6553,93.3473,94.5895,95.1251,94.8652,95.2638,95.4639,96.0398,96.4343,96.4396,96.3,
84.5213,88.2595,90.1862,91.0002,91.9215,92.8404,93.865,94.6024,94.35,94.9633,94.9194,94.7628,94.7624,94.8445,
79.198,87.0641,89.8755,89.8794,91.6616,92.3901,92.6377,92.8565,93.2599,93.4489,93.3166,93.9063,94.1913,93.8826,
81.0316,86.9893,88.4446,89.9992,91.3616,92.3048,92.8574,93.8336,94.6925,95.0576,95.038,94.8714,94.8898,94.7068,
85.9395,91.3038,93.4593,94.6695,94.7019,95.1444,94.5764,94.3411,94.6725,94.7171,94.9562,95.1271,95.0142,95.0534,
76.6541,85.4477,88.2885,90.1996,91.9299,92.8476,93.4234,93.724,94.0788,94.2199,94.5004,94.4681,94.5735,94.8733,
85.1036,90.4878,93.343,93.9666,95.2043,95.9355,95.9668,96.0115,96.0056,95.9836,96.0816,96.1022,96.0492,95.5195,
83.9469,88.5489,91.159,90.7453,91.4448,91.6982,92.3344,92.717,92.9037,93.2668,93.0567,93.2278,93.5364,93.7508,
85.1381,89.5474,91.6464,91.9297,93.1656,93.5497,93.8275,94.258,94.7174,94.6502,94.7644,94.353,94.7142,94.9279,
83.4134,89.3302,91.7164,93.7708,93.9056,94.4703,94.6653,94.6415,95.1027,95.0666,95.5735,95.3615,95.5639,95.409,95.6148,
83.6793,90.6092,91.7164,93.1668,94.5416,94.4703,94.3107,94.1971,94.5433,94.3526,94.4599,94.4607,94.1301,94.1283,94.4349,
74.9577,83.3721,86.1833,88.7955,90.7511,91.1134,91.5907,92.1845,91.9357,91.8854,92.2315,92.8958,93.3357,93.3887,93.3419,
83.7795,87.991,90.1049,91.3491,92.6845,93.0276,93.4791,93.993,94.3599,94.189,94.3427,94.8302,94.4948,95.0566,95.0182,
80.7202,86.8029,90.0103,91.4419,92.9674,92.9771,93.6343,94.3965,94.5234,94.4767,94.3467,94.4755,94.3342,94.369,94.853,
83.0834,88.8208,90.581,91.1333,92.6417,93.2227,93.8962,94.8092,94.8921,94.9498,95.0053,95.1724,95.5569,95.6628,95.7063,
84.25,90.3062,91.7304,91.8255,93.2867,94.1811,94.1156,94.647,95.1077,95.2513,95.1488,95.0329,95.3161,95.6204,95.4718,
86.151,88.8598,91.7164,92.8252,93.278,93.9967,94.2099,94.4632,94.7024,95.1386,95.3751,95.4829,95.676,95.5911,95.5904,
84.5553,90.1654,93.343,94.7581,95.2043,96.3051,96.8102,96.8458,96.5826,96.0937,95.5156,95.7037,95.7672,95.6759,96.0126,
80.7202,88.6264,91.2144,91.8567,93.0362,93.791,93.8837,93.9985,94.4837,94.8691,94.899,94.984,94.8554,94.5471,95.1176,
84.7601,91.5928,93.4302,95.7211,95.6939,95.6754,96.2157,96.5545,96.1595,96.0478,95.9395,95.7572,95.5919,95.6693,96.0802,
87.0077,88.7041,92.1672,92.9957,94.3286,94.2329,94.5637,95,94.9823,95.319,95.2104,95.4525,95.48,95.8524,95.9819,
83.7795,88.9183,91.0898,92.5177,92.5479,92.8548,93.9275,93.949,93.9658,95.0801,95.2556,95.3122,95.7146,95.5488,95.3807,
76.209,83.3377,87.2612,89.0885,91.3949,91.7683,92.4434,92.3011,92.9517,93.1717,93.2534,93.4383,93.8661,93.8826,94.0147,
87.0798,89.8454,91.5205,93.6191,93.2953,93.6592,94.475,95.1915,95.2335,95.1836,94.9889,95.6427,95.7954,95.7281,95.5721,
85.9395,90.8124,94.9983,96.9354,96.2253,96.4909,96.1763,96.288,96.0466,95.8371,96.0481,96.2564,95.6269,95.5195,95.5234,
85.1036,88.125,91.9695,92.1703,92.8815,93.3097,93.9713,95.0112,94.4738,94.4679,94.6627,94.7665,95.3196,95.2859,94.775,
77.8187,84.8924,87.4775,90.6945,91.3367,91.1618,91.4897,91.6319,92.384,92.117,92.7552,93.1518,93.3858,93.7352,93.9705,
84.8286,92.4712,92.8806,94.4047,94.2755,94.7837,95.7583,96.3343,96.7071,97.0589,97.4748,97.7621,97.63,97.7293,97.8158,
75.1186,84.591,88.3925,90.9287,92.6759,92.6755,93.1765,93.724,94.1575,93.903,94.2741,94.2307,94.2729,94.5918,94.847,
75.1454,82.2712,86.9703,88.6304,89.7703,90.7756,91.8233,92.6902,93.1489,93.4533,93.7969,93.8512,94.3308,94.1378,94.1357,
82.8866,88.7041,90.938,92.6553,93.3473,94.5895,95.1251,94.8652,95.2638,95.4639,96.0398,96.4343,96.4396,96.3,96.2282,
84.5213,88.2595,90.1862,91.0002,91.9215,92.8404,93.865,94.6024,94.35,94.9633,94.9194,94.7628,94.7624,94.8445,94.7003,
79.198,87.0641,89.8755,89.8794,91.6616,92.3901,92.6377,92.8565,93.2599,93.4489,93.3166,93.9063,94.1913,93.8826,94.0619,
81.0316,86.9893,88.4446,89.9992,91.3616,92.3048,92.8574,93.8336,94.6925,95.0576,95.038,94.8714,94.8898,94.7068,94.6435,
85.9395,91.3038,93.4593,94.6695,94.7019,95.1444,94.5764,94.3411,94.6725,94.7171,94.9562,95.1271,95.0142,95.0534,95.2807,
76.6541,85.4477,88.2885,90.1996,91.9299,92.8476,93.4234,93.724,94.0788,94.2199,94.5004,94.4681,94.5735,94.8733,95.3777,
85.1036,90.4878,93.343,93.9666,95.2043,95.9355,95.9668,96.0115,96.0056,95.9836,96.0816,96.1022,96.0492,95.5195,95.9144,
83.9469,88.5489,91.159,90.7453,91.4448,91.6982,92.3344,92.717,92.9037,93.2668,93.0567,93.2278,93.5364,93.7508,94.1741,
85.1381,89.5474,91.6464,91.9297,93.1656,93.5497,93.8275,94.258,94.7174,94.6502,94.7644,94.353,94.7142,94.9279,95.308,
83.4134,89.3302,91.7164,93.7708,93.9056,94.4703,94.6653,94.6415,95.1027,95.0666,95.5735,95.3615,95.5639,95.409,95.6148,
83.6793,90.6092,91.7164,93.1668,94.5416,94.4703,94.3107,94.1971,94.5433,94.3526,94.4599,94.4607,94.1301,94.1283,94.4349,
74.9577,83.3721,86.1833,88.7955,90.7511,91.1134,91.5907,92.1845,91.9357,91.8854,92.2315,92.8958,93.3357,93.3887,93.3419,
83.7795,87.991,90.1049,91.3491,92.6845,93.0276,93.4791,93.993,94.3599,94.189,94.3427,94.8302,94.4948,95.0566,95.0182,
80.7202,86.8029,90.0103,91.4419,92.9674,92.9771,93.6343,94.3965,94.5234,94.4767,94.3467,94.4755,94.3342,94.369,94.853,
83.0834,88.8208,90.581,91.1333,92.6417,93.2227,93.8962,94.8092,94.8921,94.9498,95.0053,95.1724,95.5569,95.6628,95.7063,
84.25,90.3062,91.7304,91.8255,93.2867,94.1811,94.1156,94.647,95.1077,95.2513,95.1488,95.0329,95.3161,95.6204,95.4718,
86.151,88.8598,91.7164,92.8252,93.278,93.9967,94.2099,94.4632,94.7024,95.1386,95.3751,95.4829,95.676,95.5911,95.5904,
84.5553,90.1654,93.343,94.7581,95.2043,96.3051,96.8102,96.8458,96.5826,96.0937,95.5156,95.7037,95.7672,95.6759,96.0126,
80.7202,88.6264,91.2144,91.8567,93.0362,93.791,93.8837,93.9985,94.4837,94.8691,94.899,94.984,94.8554,94.5471,95.1176,
84.7601,91.5928,93.4302,95.7211,95.6939,95.6754,96.2157,96.5545,96.1595,96.0478,95.9395,95.7572,95.5919,95.6693,96.0802,
87.0077,88.7041,92.1672,92.9957,94.3286,94.2329,94.5637,95,94.9823,95.319,95.2104,95.4525,95.48,95.8524,95.9819,
83.7795,88.9183,91.0898,92.5177,92.5479,92.8548,93.9275,93.949,93.9658,95.0801,95.2556,95.3122,95.7146,95.5488,95.3807,
76.209,83.3377,87.2612,89.0885,91.3949,91.7683,92.4434,92.3011,92.9517,93.1717,93.2534,93.4383,93.8661,93.8826,94.0147,
87.0798,89.8454,91.5205,93.6191,93.2953,93.6592,94.475,95.1915,95.2335,95.1836,94.9889,95.6427,95.7954,95.7281,95.5721,
85.9395,90.8124,94.9983,96.9354,96.2253,96.4909,96.1763,96.288,96.0466,95.8371,96.0481,96.2564,95.6269,95.5195,95.5234,
85.1036,88.125,91.9695,92.1703,92.8815,93.3097,93.9713,95.0112,94.4738,94.4679,94.6627,94.7665,95.3196,95.2859,94.775,
77.8187,84.8924,87.4775,90.6945,91.3367,91.1618,91.4897,91.6319,92.384,92.117,92.7552,93.1518,93.3858,93.7352,93.9705,
84.8286,92.4712,92.8806,94.4047,94.2755,94.7837,95.7583,96.3343,96.7071,97.0589,97.4748,97.7621,97.63,97.7293,97.8158,
75.1186,84.591,88.3925,90.9287,92.6759,92.6755,93.1765,93.724,94.1575,93.903,94.2741,94.2307,94.2729,94.5918,94.847,
75.1454,82.2712,86.9703,88.6304,89.7703,90.7756,91.8233,92.6902,93.1489,93.4533,93.7969,93.8512,94.3308,94.1378,94.1357,
82.8866,88.7041,90.938,92.6553,93.3473,94.5895,95.1251,94.8652,95.2638,95.4639,96.0398,96.4343,96.4396,96.3,96.2282,
84.5213,88.2595,90.1862,91.0002,91.9215,92.8404,93.865,94.6024,94.35,94.9633,94.9194,94.7628,94.7624,94.8445,94.7003,
79.198,87.0641,89.8755,89.8794,91.6616,92.3901,92.6377,92.8565,93.2599,93.4489,93.3166,93.9063,94.1913,93.8826,94.0619,
81.0316,86.9893,88.4446,89.9992,91.3616,92.3048,92.8574,93.8336,94.6925,95.0576,95.038,94.8714,94.8898,94.7068,94.6435,
85.9395,91.3038,93.4593,94.6695,94.7019,95.1444,94.5764,94.3411,94.6725,94.7171,94.9562,95.1271,95.0142,95.0534,95.2807,
76.6541,85.4477,88.2885,90.1996,91.9299,92.8476,93.4234,93.724,94.0788,94.2199,94.5004,94.4681,94.5735,94.8733,95.3777,
85.1036,90.4878,93.343,93.9666,95.2043,95.9355,95.9668,96.0115,96.0056,95.9836,96.0816,96.1022,96.0492,95.5195,95.9144,
83.9469,88.5489,91.159,90.7453,91.4448,91.6982,92.3344,92.717,92.9037,93.2668,93.0567,93.2278,93.5364,93.7508,94.1741,
85.1381,89.5474,91.6464,91.9297,93.1656,93.5497,93.8275,94.258,94.7174,94.6502,94.7644,94.353,94.7142,94.9279,95.308,
83.4134,89.3302,91.7164,93.7708,93.9056,94.4703,94.6653,94.6415,95.1027,95.0666,95.5735,95.3615,95.5639,95.409,95.6148,95.8321,
83.6793,90.6092,91.7164,93.1668,94.5416,94.4703,94.3107,94.1971,94.5433,94.3526,94.4599,94.4607,94.1301,94.1283,94.4349,94.6789,
74.9577,83.3721,86.1833,88.7955,90.7511,91.1134,91.5907,92.1845,91.9357,91.8854,92.2315,92.8958,93.3357,93.3887,93.3419,93.5204,
83.7795,87.991,90.1049,91.3491,92.6845,93.0276,93.4791,93.993,94.3599,94.189,94.3427,94.8302,94.4948,95.0566,95.0182,95.3397,
80.7202,86.8029,90.0103,91.4419,92.9674,92.9771,93.6343,94.3965,94.5234,94.4767,94.3467,94.4755,94.3342,94.369,94.853,95.0489,
83.0834,88.8208,90.581,91.1333,92.6417,93.2227,93.8962,94.8092,94.8921,94.9498,95.0053,95.1724,95.5569,95.6628,95.7063,95.8264,
84.25,90.3062,91.7304,91.8255,93.2867,94.1811,94.1156,94.647,95.1077,95.2513,95.1488,95.0329,95.3161,95.6204,95.4718,95.6522,
86.151,88.8598,91.7164,92.8252,93.278,93.9967,94.2099,94.4632,94.7024,95.1386,95.3751,95.4829,95.676,95.5911,95.5904,95.8779,
84.5553,90.1654,93.343,94.7581,95.2043,96.3051,96.8102,96.8458,96.5826,96.0937,95.5156,95.7037,95.7672,95.6759,96.0126,95.9066,
80.7202,88.6264,91.2144,91.8567,93.0362,93.791,93.8837,93.9985,94.4837,94.8691,94.899,94.984,94.8554,94.5471,95.1176,95.1165,
84.7601,91.5928,93.4302,95.7211,95.6939,95.6754,96.2157,96.5545,96.1595,96.0478,95.9395,95.7572,95.5919,95.6693,96.0802,96.2459,
87.0077,88.7041,92.1672,92.9957,94.3286,94.2329,94.5637,95,94.9823,95.319,95.2104,95.4525,95.48,95.8524,95.9819,95.8779,
83.7795,88.9183,91.0898,92.5177,92.5479,92.8548,93.9275,93.949,93.9658,95.0801,95.2556,95.3122,95.7146,95.5488,95.3807,95.0686,
76.209,83.3377,87.2612,89.0885,91.3949,91.7683,92.4434,92.3011,92.9517,93.1717,93.2534,93.4383,93.8661,93.8826,94.0147,94.2397,
87.0798,89.8454,91.5205,93.6191,93.2953,93.6592,94.475,95.1915,95.2335,95.1836,94.9889,95.6427,95.7954,95.7281,95.5721,95.4957,
85.9395,90.8124,94.9983,96.9354,96.2253,96.4909,96.1763,96.288,96.0466,95.8371,96.0481,96.2564,95.6269,95.5195,95.5234,95.8607,
85.1036,88.125,91.9695,92.1703,92.8815,93.3097,93.9713,95.0112,94.4738,94.4679,94.6627,94.7665,95.3196,95.2859,94.775,94.9983,
77.8187,84.8924,87.4775,90.6945,91.3367,91.1618,91.4897,91.6319,92.384,92.117,92.7552,93.1518,93.3858,93.7352,93.9705,93.9116,
84.8286,92.4712,92.8806,94.4047,94.2755,94.7837,95.7583,96.3343,96.7071,97.0589,97.4748,97.7621,97.63,97.7293,97.8158,97.5622,
75.1186,84.591,88.3925,90.9287,92.6759,92.6755,93.1765,93.724,94.1575,93.903,94.2741,94.2307,94.2729,94.5918,94.847,94.7068,
75.1454,82.2712,86.9703,88.6304,89.7703,90.7756,91.8233,92.6902,93.1489,93.4533,93.7969,93.8512,94.3308,94.1378,94.1357,94.3533,
82.8866,88.7041,90.938,92.6553,93.3473,94.5895,95.1251,94.8652,95.2638,95.4639,96.0398,96.4343,96.4396,96.3,96.2282,96.0846,
84.5213,88.2595,90.1862,91.0002,91.9215,92.8404,93.865,94.6024,94.35,94.9633,94.9194,94.7628,94.7624,94.8445,94.7003,94.8383,
79.198,87.0641,89.8755,89.8794,91.6616,92.3901,92.6377,92.8565,93.2599,93.4489,93.3166,93.9063,94.1913,93.8826,94.0619,94.1513,
81.0316,86.9893,88.4446,89.9992,91.3616,92.3048,92.8574,93.8336,94.6925,95.0576,95.038,94.8714,94.8898,94.7068,94.6435,94.4727,
85.9395,91.3038,93.4593,94.6695,94.7019,95.1444,94.5764,94.3411,94.6725,94.7171,94.9562,95.1271,95.0142,95.0534,95.2807,95.2238,
76.6541,85.4477,88.2885,90.1996,91.9299,92.8476,93.4234,93.724,94.0788,94.2199,94.5004,94.4681,94.5735,94.8733,95.3777,95.2464,
85.1036,90.4878,93.343,93.9666,95.2043,95.9355,95.9668,96.0115,96.0056,95.9836,96.0816,96.1022,96.0492,95.5195,95.9144,96.2979,
83.9469,88.5489,91.159,90.7453,91.4448,91.6982,92.3344,92.717,92.9037,93.2668,93.0567,93.2278,93.5364,93.7508,94.1741,94.1899,
85.1381,89.5474,91.6464,91.9297,93.1656,93.5497,93.8275,94.258,94.7174,94.6502,94.7644,94.353,94.7142,94.9279,95.308,95.1814,
83.4134,89.3302,91.7164,93.7708,93.9056,94.4703,94.6653,94.6415,95.1027,95.0666,95.5735,95.3615,95.5639,95.409,95.6148,95.8321,
83.6793,90.6092,91.7164,93.1668,94.5416,94.4703,94.3107,94.1971,94.5433,94.3526,94.4599,94.4607,94.1301,94.1283,94.4349,94.6789,
74.9577,83.3721,86.1833,88.7955,90.7511,91.1134,91.5907,92.1845,91.9357,91.8854,92.2315,92.8958,93.3357,93.3887,93.3419,93.5204,
83.7795,87.991,90.1049,91.3491,92.6845,93.0276,93.4791,93.993,94.3599,94.189,94.3427,94.8302,94.4948,95.0566,95.0182,95.3397,
80.7202,86.8029,90.0103,91.4419,92.9674,92.9771,93.6343,94.3965,94.5234,94.4767,94.3467,94.4755,94.3342,94.369,94.853,95.0489,
83.0834,88.8208,90.581,91.1333,92.6417,93.2227,93.8962,94.8092,94.8921,94.9498,95.0053,95.1724,95.5569,95.6628,95.7063,95.8264,
84.25,90.3062,91.7304,91.8255,93.2867,94.1811,94.1156,94.647,95.1077,95.2513,95.1488,95.0329,95.3161,95.6204,95.4718,95.6522,
86.151,88.8598,91.7164,92.8252,93.278,93.9967,94.2099,94.4632,94.7024,95.1386,95.3751,95.4829,95.676,95.5911,95.5904,95.8779,
84.5553,90.1654,93.343,94.7581,95.2043,96.3051,96.8102,96.8458,96.5826,96.0937,95.5156,95.7037,95.7672,95.6759,96.0126,95.9066,
80.7202,88.6264,91.2144,91.8567,93.0362,93.791,93.8837,93.9985,94.4837,94.8691,94.899,94.984,94.8554,94.5471,95.1176,95.1165,
84.7601,91.5928,93.4302,95.7211,95.6939,95.6754,96.2157,96.5545,96.1595,96.0478,95.9395,95.7572,95.5919,95.6693,96.0802,96.2459,
87.0077,88.7041,92.1672,92.9957,94.3286,94.2329,94.5637,95,94.9823,95.319,95.2104,95.4525,95.48,95.8524,95.9819,95.8779,
83.7795,88.9183,91.0898,92.5177,92.5479,92.8548,93.9275,93.949,93.9658,95.0801,95.2556,95.3122,95.7146,95.5488,95.3807,95.0686,
76.209,83.3377,87.2612,89.0885,91.3949,91.7683,92.4434,92.3011,92.9517,93.1717,93.2534,93.4383,93.8661,93.8826,94.0147,94.2397,
87.0798,89.8454,91.5205,93.6191,93.2953,93.6592,94.475,95.1915,95.2335,95.1836,94.9889,95.6427,95.7954,95.7281,95.5721,95.4957,
85.9395,90.8124,94.9983,96.9354,96.2253,96.4909,96.1763,96.288,96.0466,95.8371,96.0481,96.2564,95.6269,95.5195,95.5234,95.8607,
85.1036,88.125,91.9695,92.1703,92.8815,93.3097,93.9713,95.0112,94.4738,94.4679,94.6627,94.7665,95.3196,95.2859,94.775,94.9983,
77.8187,84.8924,87.4775,90.6945,91.3367,91.1618,91.4897,91.6319,92.384,92.117,92.7552,93.1518,93.3858,93.7352,93.9705,93.9116,
84.8286,92.4712,92.8806,94.4047,94.2755,94.7837,95.7583,96.3343,96.7071,97.0589,97.4748,97.7621,97.63,97.7293,97.8158,97.5622,
75.1186,84.591,88.3925,90.9287,92.6759,92.6755,93.1765,93.724,94.1575,93.903,94.2741,94.2307,94.2729,94.5918,94.847,94.7068,
75.1454,82.2712,86.9703,88.6304,89.7703,90.7756,91.8233,92.6902,93.1489,93.4533,93.7969,93.8512,94.3308,94.1378,94.1357,94.3533,
82.8866,88.7041,90.938,92.6553,93.3473,94.5895,95.1251,94.8652,95.2638,95.4639,96.0398,96.4343,96.4396,96.3,96.2282,96.0846,
84.5213,88.2595,90.1862,91.0002,91.9215,92.8404,93.865,94.6024,94.35,94.9633,94.9194,94.7628,94.7624,94.8445,94.7003,94.8383,
79.198,87.0641,89.8755,89.8794,91.6616,92.3901,92.6377,92.8565,93.2599,93.4489,93.3166,93.9063,94.1913,93.8826,94.0619,94.1513,
81.0316,86.9893,88.4446,89.9992,91.3616,92.3048,92.8574,93.8336,94.6925,95.0576,95.038,94.8714,94.8898,94.7068,94.6435,94.4727,
85.9395,91.3038,93.4593,94.6695,94.7019,95.1444,94.5764,94.3411,94.6725,94.7171,94.9562,95.1271,95.0142,95.0534,95.2807,95.2238,
76.6541,85.4477,88.2885,90.1996,91.9299,92.8476,93.4234,93.724,94.0788,94.2199,94.5004,94.4681,94.5735,94.8733,95.3777,95.2464,
85.1036,90.4878,93.343,93.9666,95.2043,95.9355,95.9668,96.0115,96.0056,95.9836,96.0816,96.1022,96.0492,95.5195,95.9144,96.2979,
83.9469,88.5489,91.159,90.7453,91.4448,91.6982,92.3344,92.717,92.9037,93.2668,93.0567,93.2278,93.5364,93.7508,94.1741,94.1899,
85.1381,89.5474,91.6464,91.9297,93.1656,93.5497,93.8275,94.258,94.7174,94.6502,94.7644,94.353,94.7142,94.9279,95.308,95.1814,
83.4134,89.3302,91.7164,93.7708,93.9056,94.4703,94.6653,94.6415,95.1027,95.0666,95.5735,95.3615,95.5639,95.409,95.6148,95.8321,96.2075,
83.6793,90.6092,91.7164,93.1668,94.5416,94.4703,94.3107,94.1971,94.5433,94.3526,94.4599,94.4607,94.1301,94.1283,94.4349,94.6789,94.5827,
74.9577,83.3721,86.1833,88.7955,90.7511,91.1134,91.5907,92.1845,91.9357,91.8854,92.2315,92.8958,93.3357,93.3887,93.3419,93.5204,93.328,
83.7795,87.991,90.1049,91.3491,92.6845,93.0276,93.4791,93.993,94.3599,94.189,94.3427,94.8302,94.4948,95.0566,95.0182,95.3397,95.4818,
80.7202,86.8029,90.0103,91.4419,92.9674,92.9771,93.6343,94.3965,94.5234,94.4767,94.3467,94.4755,94.3342,94.369,94.853,95.0489,94.8885,
83.0834,88.8208,90.581,91.1333,92.6417,93.2227,93.8962,94.8092,94.8921,94.9498,95.0053,95.1724,95.5569,95.6628,95.7063,95.8264,95.7476,
84.25,90.3062,91.7304,91.8255,93.2867,94.1811,94.1156,94.647,95.1077,95.2513,95.1488,95.0329,95.3161,95.6204,95.4718,95.6522,95.7557,
86.151,88.8598,91.7164,92.8252,93.278,93.9967,94.2099,94.4632,94.7024,95.1386,95.3751,95.4829,95.676,95.5911,95.5904,95.8779,95.9689,
84.5553,90.1654,93.343,94.7581,95.2043,96.3051,96.8102,96.8458,96.5826,96.0937,95.5156,95.7037,95.7672,95.6759,96.0126,95.9066,95.8015,
80.7202,88.6264,91.2144,91.8567,93.0362,93.791,93.8837,93.9985,94.4837,94.8691,94.899,94.984,94.8554,94.5471,95.1176,95.1165,95.2281,
84.7601,91.5928,93.4302,95.7211,95.6939,95.6754,96.2157,96.5545,96.1595,96.0478,95.9395,95.7572,95.5919,95.6693,96.0802,96.2459,96.0555,
87.0077,88.7041,92.1672,92.9957,94.3286,94.2329,94.5637,95,94.9823,95.319,95.2104,95.4525,95.48,95.8524,95.9819,95.8779,96.0989,
83.7795,88.9183,91.0898,92.5177,92.5479,92.8548,93.9275,93.949,93.9658,95.0801,95.2556,95.3122,95.7146,95.5488,95.3807,95.0686,94.8647,
76.209,83.3377,87.2612,89.0885,91.3949,91.7683,92.4434,92.3011,92.9517,93.1717,93.2534,93.4383,93.8661,93.8826,94.0147,94.2397,94.3364,
87.0798,89.8454,91.5205,93.6191,93.2953,93.6592,94.475,95.1915,95.2335,95.1836,94.9889,95.6427,95.7954,95.7281,95.5721,95.4957,95.8878,
85.9395,90.8124,94.9983,96.9354,96.2253,96.4909,96.1763,96.288,96.0466,95.8371,96.0481,96.2564,95.6269,95.5195,95.5234,95.8607,95.9094,
85.1036,88.125,91.9695,92.1703,92.8815,93.3097,93.9713,95.0112,94.4738,94.4679,94.6627,94.7665,95.3196,95.2859,94.775,94.9983,94.8198,
77.8187,84.8924,87.4775,90.6945,91.3367,91.1618,91.4897,91.6319,92.384,92.117,92.7552,93.1518,93.3858,93.7352,93.9705,93.9116,94.6537,
84.8286,92.4712,92.8806,94.4047,94.2755,94.7837,95.7583,96.3343,96.7071,97.0589,97.4748,97.7621,97.63,97.7293,97.8158,97.5622,97.5359,
75.1186,84.591,88.3925,90.9287,92.6759,92.6755,93.1765,93.724,94.1575,93.903,94.2741,94.2307,94.2729,94.5918,94.847,94.7068,94.9679,
75.1454,82.2712,86.9703,88.6304,89.7703,90.7756,91.8233,92.6902,93.1489,93.4533,93.7969,93.8512,94.3308,94.1378,94.1357,94.3533,94.0887,
82.8866,88.7041,90.938,92.6553,93.3473,94.5895,95.1251,94.8652,95.2638,95.4639,96.0398,96.4343,96.4396,96.3,96.2282,96.0846,96.0989,
84.5213,88.2595,90.1862,91.0002,91.9215,92.8404,93.865,94.6024,94.35,94.9633,94.9194,94.7628,94.7624,94.8445,94.7003,94.8383,94.9017,
79.198,87.0641,89.8755,89.8794,91.6616,92.3901,92.6377,92.8565,93.2599,93.4489,93.3166,93.9063,94.1913,93.8826,94.0619,94.1513,94.2528,
81.0316,86.9893,88.4446,89.9992,91.3616,92.3048,92.8574,93.8336,94.6925,95.0576,95.038,94.8714,94.8898,94.7068,94.6435,94.4727,94.5144,
85.9395,91.3038,93.4593,94.6695,94.7019,95.1444,94.5764,94.3411,94.6725,94.7171,94.9562,95.1271,95.0142,95.0534,95.2807,95.2238,95.3508,
76.6541,85.4477,88.2885,90.1996,91.9299,92.8476,93.4234,93.724,94.0788,94.2199,94.5004,94.4681,94.5735,94.8733,95.3777,95.2464,95.3295,
85.1036,90.4878,93.343,93.9666,95.2043,95.9355,95.9668,96.0115,96.0056,95.9836,96.0816,96.1022,96.0492,95.5195,95.9144,96.2979,96.0393,
83.9469,88.5489,91.159,90.7453,91.4448,91.6982,92.3344,92.717,92.9037,93.2668,93.0567,93.2278,93.5364,93.7508,94.1741,94.1899,93.9563,
85.1381,89.5474,91.6464,91.9297,93.1656,93.5497,93.8275,94.258,94.7174,94.6502,94.7644,94.353,94.7142,94.9279,95.308,95.1814,95.3108,
83.4134,89.3302,91.7164,93.7708,93.9056,94.4703,94.6653,94.6415,95.1027,95.0666,95.5735,95.3615,95.5639,95.409,95.6148,95.8321,96.2075,
83.6793,90.6092,91.7164,93.1668,94.5416,94.4703,94.3107,94.1971,94.5433,94.3526,94.4599,94.4607,94.1301,94.1283,94.4349,94.6789,94.5827,
74.9577,83.3721,86.1833,88.7955,90.7511,91.1134,91.5907,92.1845,91.9357,91.8854,92.2315,92.8958,93.3357,93.3887,93.3419,93.5204,93.328,
83.7795,87.991,90.1049,91.3491,92.6845,93.0276,93.4791,93.993,94.3599,94.189,94.3427,94.8302,94.4948,95.0566,95.0182,95.3397,95.4818,
80.7202,86.8029,90.0103,91.4419,92.9674,92.9771,93.6343,94.3965,94.5234,94.4767,94.3467,94.4755,94.3342,94.369,94.853,95.0489,94.8885,
83.0834,88.8208,90.581,91.1333,92.6417,93.2227,93.8962,94.8092,94.8921,94.9498,95.0053,95.1724,95.5569,95.6628,95.7063,95.8264,95.7476,
84.25,90.3062,91.7304,91.8255,93.2867,94.1811,94.1156,94.647,95.1077,95.2513,95.1488,95.0329,95.3161,95.6204,95.4718,95.6522,95.7557,
86.151,88.8598,91.7164,92.8252,93.278,93.9967,94.2099,94.4632,94.7024,95.1386,95.3751,95.4829,95.676,95.5911,95.5904,95.8779,95.9689,
84.5553,90.1654,93.343,94.7581,95.2043,96.3051,96.8102,96.8458,96.5826,96.0937,95.5156,95.7037,95.7672,95.6759,96.0126,95.9066,95.8015,
80.7202,88.6264,91.2144,91.8567,93.0362,93.791,93.8837,93.9985,94.4837,94.8691,94.899,94.984,94.8554,94.5471,95.1176,95.1165,95.2281,
84.7601,91.5928,93.4302,95.7211,95.6939,95.6754,96.2157,96.5545,96.1595,96.0478,95.9395,95.7572,95.5919,95.6693,96.0802,96.2459,96.0555,
87.0077,88.7041,92.1672,92.9957,94.3286,94.2329,94.5637,95,94.9823,95.319,95.2104,95.4525,95.48,95.8524,95.9819,95.8779,96.0989,
83.7795,88.9183,91.0898,92.5177,92.5479,92.8548,93.9275,93.949,93.9658,95.0801,95.2556,95.3122,95.7146,95.5488,95.3807,95.0686,94.8647,
76.209,83.3377,87.2612,89.0885,91.3949,91.7683,92.4434,92.3011,92.9517,93.1717,93.2534,93.4383,93.8661,93.8826,94.0147,94.2397,94.3364,
87.0798,89.8454,91.5205,93.6191,93.2953,93.6592,94.475,95.1915,95.2335,95.1836,94.9889,95.6427,95.7954,95.7281,95.5721,95.4957,95.8878,
85.9395,90.8124,94.9983,96.9354,96.2253,96.4909,96.1763,96.288,96.0466,95.8371,96.0481,96.2564,95.6269,95.5195,95.5234,95.8607,95.9094,
85.1036,88.125,91.9695,92.1703,92.8815,93.3097,93.9713,95.0112,94.4738,94.4679,94.6627,94.7665,95.3196,95.2859,94.775,94.9983,94.8198,
77.8187,84.8924,87.4775,90.6945,91.3367,91.1618,91.4897,91.6319,92.384,92.117,92.7552,93.1518,93.3858,93.7352,93.9705,93.9116,94.6537,
84.8286,92.4712,92.8806,94.4047,94.2755,94.7837,95.7583,96.3343,96.7071,97.0589,97.4748,97.7621,97.63,97.7293,97.8158,97.5622,97.5359,
75.1186,84.591,88.3925,90.9287,92.6759,92.6755,93.1765,93.724,94.1575,93.903,94.2741,94.2307,94.2729,94.5918,94.847,94.7068,94.9679,
75.1454,82.2712,86.9703,88.6304,89.7703,90.7756,91.8233,92.6902,93.1489,93.4533,93.7969,93.8512,94.3308,94.1378,94.1357,94.3533,94.0887,
82.8866,88.7041,90.938,92.6553,93.3473,94.5895,95.1251,94.8652,95.2638,95.4639,96.0398,96.4343,96.4396,96.3,96.2282,96.0846,96.0989,
84.5213,88.2595,90.1862,91.0002,91.9215,92.8404,93.865,94.6024,94.35,94.9633,94.9194,94.7628,94.7624,94.8445,94.7003,94.8383,94.9017,
79.198,87.0641,89.8755,89.8794,91.6616,92.3901,92.6377,92.8565,93.2599,93.4489,93.3166,93.9063,94.1913,93.8826,94.0619,94.1513,94.2528,
81.0316,86.9893,88.4446,89.9992,91.3616,92.3048,92.8574,93.8336,94.6925,95.0576,95.038,94.8714,94.8898,94.7068,94.6435,94.4727,94.5144,
85.9395,91.3038,93.4593,94.6695,94.7019,95.1444,94.5764,94.3411,94.6725,94.7171,94.9562,95.1271,95.0142,95.0534,95.2807,95.2238,95.3508,
76.6541,85.4477,88.2885,90.1996,91.9299,92.8476,93.4234,93.724,94.0788,94.2199,94.5004,94.4681,94.5735,94.8733,95.3777,95.2464,95.3295,
85.1036,90.4878,93.343,93.9666,95.2043,95.9355,95.9668,96.0115,96.0056,95.9836,96.0816,96.1022,96.0492,95.5195,95.9144,96.2979,96.0393,
83.9469,88.5489,91.159,90.7453,91.4448,91.6982,92.3344,92.717,92.9037,93.2668,93.0567,93.2278,93.5364,93.7508,94.1741,94.1899,93.9563,
85.1381,89.5474,91.6464,91.9297,93.1656,93.5497,93.8275,94.258,94.7174,94.6502,94.7644,94.353,94.7142,94.9279,95.308,95.1814,95.3108,
83.4134,89.3302,91.7164,93.7708,93.9056,94.4703,94.6653,94.6415,95.1027,95.0666,95.5735,95.3615,95.5639,95.409,95.6148,95.8321,96.2075,96.0502,
83.6793,90.6092,91.7164,93.1668,94.5416,94.4703,94.3107,94.1971,94.5433,94.3526,94.4599,94.4607,94.1301,94.1283,94.4349,94.6789,94.5827,94.7957,
74.9577,83.3721,86.1833,88.7955,90.7511,91.1134,91.5907,92.1845,91.9357,91.8854,92.2315,92.8958,93.3357,93.3887,93.3419,93.5204,93.328,93.7783,
83.7795,87.991,90.1049,91.3491,92.6845,93.0276,93.4791,93.993,94.3599,94.189,94.3427,94.8302,94.4948,95.0566,95.0182,95.3397,95.4818,95.4264,
80.7202,86.8029,90.0103,91.4419,92.9674,92.9771,93.6343,94.3965,94.5234,94.4767,94.3467,94.4755,94.3342,94.369,94.853,95.0489,94.8885,94.8857,
83.0834,88.8208,90.581,91.1333,92.6417,93.2227,93.8962,94.8092,94.8921,94.9498,95.0053,95.1724,95.5569,95.6628,95.7063,95.8264,95.7476,95.515,
84.25,90.3062,91.7304,91.8255,93.2867,94.1811,94.1156,94.647,95.1077,95.2513,95.1488,95.0329,95.3161,95.6204,95.4718,95.6522,95.7557,95.5835,
86.151,88.8598,91.7164,92.8252,93.278,93.9967,94.2099,94.4632,94.7024,95.1386,95.3751,95.4829,95.676,95.5911,95.5904,95.8779,95.9689,95.9478,
84.5553,90.1654,93.343,94.7581,95.2043,96.3051,96.8102,96.8458,96.5826,96.0937,95.5156,95.7037,95.7672,95.6759,96.0126,95.9066,95.8015,95.7691,
80.7202,88.6264,91.2144,91.8567,93.0362,93.791,93.8837,93.9985,94.4837,94.8691,94.899,94.984,94.8554,94.5471,95.1176,95.1165,95.2281,95.0661,
84.7601,91.5928,93.4302,95.7211,95.6939,95.6754,96.2157,96.5545,96.1595,96.0478,95.9395,95.7572,95.5919,95.6693,96.0802,96.2459,96.0555,96.2969,
87.0077,88.7041,92.1672,92.9957,94.3286,94.2329,94.5637,95,94.9823,95.319,95.2104,95.4525,95.48,95.8524,95.9819,95.8779,96.0989,95.9478,
83.7795,88.9183,91.0898,92.5177,92.5479,92.8548,93.9275,93.949,93.9658,95.0801,95.2556,95.3122,95.7146,95.5488,95.3807,95.0686,94.8647,94.9232,
76.209,83.3377,87.2612,89.0885,91.3949,91.7683,92.4434,92.3011,92.9517,93.1717,93.2534,93.4383,93.8661,93.8826,94.0147,94.2397,94.3364,94.5617,
87.0798,89.8454,91.5205,93.6191,93.2953,93.6592,94.475,95.1915,95.2335,95.1836,94.9889,95.6427,95.7954,95.7281,95.5721,95.4957,95.8878,96.0553,
85.9395,90.8124,94.9983,96.9354,96.2253,96.4909,96.1763,96.288,96.0466,95.8371,96.0481,96.2564,95.6269,95.5195,95.5234,95.8607,95.9094,95.7895,
85.1036,88.125,91.9695,92.1703,92.8815,93.3097,93.9713,95.0112,94.4738,94.4679,94.6627,94.7665,95.3196,95.2859,94.775,94.9983,94.8198,94.8407,
77.8187,84.8924,87.4775,90.6945,91.3367,91.1618,91.4897,91.6319,92.384,92.117,92.7552,93.1518,93.3858,93.7352,93.9705,93.9116,94.6537,94.9633,
84.8286,92.4712,92.8806,94.4047,94.2755,94.7837,95.7583,96.3343,96.7071,97.0589,97.4748,97.7621,97.63,97.7293,97.8158,97.5622,97.5359,97.6605,
75.1186,84.591,88.3925,90.9287,92.6759,92.6755,93.1765,93.724,94.1575,93.903,94.2741,94.2307,94.2729,94.5918,94.847,94.7068,94.9679,95.2623,
75.1454,82.2712,86.9703,88.6304,89.7703,90.7756,91.8233,92.6902,93.1489,93.4533,93.7969,93.8512,94.3308,94.1378,94.1357,94.3533,94.0887,94.129,
82.8866,88.7041,90.938,92.6553,93.3473,94.5895,95.1251,94.8652,95.2638,95.4639,96.0398,96.4343,96.4396,96.3,96.2282,96.0846,96.0989,96.1117,
84.5213,88.2595,90.1862,91.0002,91.9215,92.8404,93.865,94.6024,94.35,94.9633,94.9194,94.7628,94.7624,94.8445,94.7003,94.8383,94.9017,94.8382,
79.198,87.0641,89.8755,89.8794,91.6616,92.3901,92.6377,92.8565,93.2599,93.4489,93.3166,93.9063,94.1913,93.8826,94.0619,94.1513,94.2528,94.4426,
81.0316,86.9893,88.4446,89.9992,91.3616,92.3048,92.8574,93.8336,94.6925,95.0576,95.038,94.8714,94.8898,94.7068,94.6435,94.4727,94.5144,94.5517,
85.9395,91.3038,93.4593,94.6695,94.7019,95.1444,94.5764,94.3411,94.6725,94.7171,94.9562,95.1271,95.0142,95.0534,95.2807,95.2238,95.3508,95.6064,
76.6541,85.4477,88.2885,90.1996,91.9299,92.8476,93.4234,93.724,94.0788,94.2199,94.5004,94.4681,94.5735,94.8733,95.3777,95.2464,95.3295,95.2018,
85.1036,90.4878,93.343,93.9666,95.2043,95.9355,95.9668,96.0115,96.0056,95.9836,96.0816,96.1022,96.0492,95.5195,95.9144,96.2979,96.0393,96.2608,
83.9469,88.5489,91.159,90.7453,91.4448,91.6982,92.3344,92.717,92.9037,93.2668,93.0567,93.2278,93.5364,93.7508,94.1741,94.1899,93.9563,94.2201,
85.1381,89.5474,91.6464,91.9297,93.1656,93.5497,93.8275,94.258,94.7174,94.6502,94.7644,94.353,94.7142,94.9279,95.308,95.1814,95.3108,95.4264,
83.4134,89.3302,91.7164,93.7708,93.9056,94.4703,94.6653,94.6415,95.1027,95.0666,95.5735,95.3615,95.5639,95.409,95.6148,95.8321,96.2075,96.0502,
83.6793,90.6092,91.7164,93.1668,94.5416,94.4703,94.3107,94.1971,94.5433,94.3526,94.4599,94.4607,94.1301,94.1283,94.4349,94.6789,94.5827,94.7957,
74.9577,83.3721,86.1833,88.7955,90.7511,91.1134,91.5907,92.1845,91.9357,91.8854,92.2315,92.8958,93.3357,93.3887,93.3419,93.5204,93.328,93.7783,
83.7795,87.991,90.1049,91.3491,92.6845,93.0276,93.4791,93.993,94.3599,94.189,94.3427,94.8302,94.4948,95.0566,95.0182,95.3397,95.4818,95.4264,
80.7202,86.8029,90.0103,91.4419,92.9674,92.9771,93.6343,94.3965,94.5234,94.4767,94.3467,94.4755,94.3342,94.369,94.853,95.0489,94.8885,94.8857,
83.0834,88.8208,90.581,91.1333,92.6417,93.2227,93.8962,94.8092,94.8921,94.9498,95.0053,95.1724,95.5569,95.6628,95.7063,95.8264,95.7476,95.515,
84.25,90.3062,91.7304,91.8255,93.2867,94.1811,94.1156,94.647,95.1077,95.2513,95.1488,95.0329,95.3161,95.6204,95.4718,95.6522,95.7557,95.5835,
86.151,88.8598,91.7164,92.8252,93.278,93.9967,94.2099,94.4632,94.7024,95.1386,95.3751,95.4829,95.676,95.5911,95.5904,95.8779,95.9689,95.9478,
84.5553,90.1654,93.343,94.7581,95.2043,96.3051,96.8102,96.8458,96.5826,96.0937,95.5156,95.7037,95.7672,95.6759,96.0126,95.9066,95.8015,95.7691,
80.7202,88.6264,91.2144,91.8567,93.0362,93.791,93.8837,93.9985,94.4837,94.8691,94.899,94.984,94.8554,94.5471,95.1176,95.1165,95.2281,95.0661,
84.7601,91.5928,93.4302,95.7211,95.6939,95.6754,96.2157,96.5545,96.1595,96.0478,95.9395,95.7572,95.5919,95.6693,96.0802,96.2459,96.0555,96.2969,
87.0077,88.7041,92.1672,92.9957,94.3286,94.2329,94.5637,95,94.9823,95.319,95.2104,95.4525,95.48,95.8524,95.9819,95.8779,96.0989,95.9478,
83.7795,88.9183,91.0898,92.5177,92.5479,92.8548,93.9275,93.949,93.9658,95.0801,95.2556,95.3122,95.7146,95.5488,95.3807,95.0686,94.8647,94.9232,
76.209,83.3377,87.2612,89.0885,91.3949,91.7683,92.4434,92.3011,92.9517,93.1717,93.2534,93.4383,93.8661,93.8826,94.0147,94.2397,94.3364,94.5617,
87.0798,89.8454,91.5205,93.6191,93.2953,93.6592,94.475,95.1915,95.2335,95.1836,94.9889,95.6427,95.7954,95.7281,95.5721,95.4957,95.8878,96.0553,
85.9395,90.8124,94.9983,96.9354,96.2253,96.4909,96.1763,96.288,96.0466,95.8371,96.0481,96.2564,95.6269,95.5195,95.5234,95.8607,95.9094,95.7895,
85.1036,88.125,91.9695,92.1703,92.8815,93.3097,93.9713,95.0112,94.4738,94.4679,94.6627,94.7665,95.3196,95.2859,94.775,94.9983,94.8198,94.8407,
77.8187,84.8924,87.4775,90.6945,91.3367,91.1618,91.4897,91.6319,92.384,92.117,92.7552,93.1518,93.3858,93.7352,93.9705,93.9116,94.6537,94.9633,
84.8286,92.4712,92.8806,94.4047,94.2755,94.7837,95.7583,96.3343,96.7071,97.0589,97.4748,97.7621,97.63,97.7293,97.8158,97.5622,97.5359,97.6605,
75.1186,84.591,88.3925,90.9287,92.6759,92.6755,93.1765,93.724,94.1575,93.903,94.2741,94.2307,94.2729,94.5918,94.847,94.7068,94.9679,95.2623,
75.1454,82.2712,86.9703,88.6304,89.7703,90.7756,91.8233,92.6902,93.1489,93.4533,93.7969,93.8512,94.3308,94.1378,94.1357,94.3533,94.0887,94.129,
82.8866,88.7041,90.938,92.6553,93.3473,94.5895,95.1251,94.8652,95.2638,95.4639,96.0398,96.4343,96.4396,96.3,96.2282,96.0846,96.0989,96.1117,
84.5213,88.2595,90.1862,91.0002,91.9215,92.8404,93.865,94.6024,94.35,94.9633,94.9194,94.7628,94.7624,94.8445,94.7003,94.8383,94.9017,94.8382,
79.198,87.0641,89.8755,89.8794,91.6616,92.3901,92.6377,92.8565,93.2599,93.4489,93.3166,93.9063,94.1913,93.8826,94.0619,94.1513,94.2528,94.4426,
81.0316,86.9893,88.4446,89.9992,91.3616,92.3048,92.8574,93.8336,94.6925,95.0576,95.038,94.8714,94.8898,94.7068,94.6435,94.4727,94.5144,94.5517,
85.9395,91.3038,93.4593,94.6695,94.7019,95.1444,94.5764,94.3411,94.6725,94.7171,94.9562,95.1271,95.0142,95.0534,95.2807,95.2238,95.3508,95.6064,
76.6541,85.4477,88.2885,90.1996,91.9299,92.8476,93.4234,93.724,94.0788,94.2199,94.5004,94.4681,94.5735,94.8733,95.3777,95.2464,95.3295,95.2018,
85.1036,90.4878,93.343,93.9666,95.2043,95.9355,95.9668,96.0115,96.0056,95.9836,96.0816,96.1022,96.0492,95.5195,95.9144,96.2979,96.0393,96.2608,
83.9469,88.5489,91.159,90.7453,91.4448,91.6982,92.3344,92.717,92.9037,93.2668,93.0567,93.2278,93.5364,93.7508,94.1741,94.1899,93.9563,94.2201,
85.1381,89.5474,91.6464,91.9297,93.1656,93.5497,93.8275,94.258,94.7174,94.6502,94.7644,94.353,94.7142,94.9279,95.308,95.1814,95.3108,95.4264,
83.4134,89.3302,91.7164,93.7708,93.9056,94.4703,94.6653,94.6415,95.1027,95.0666,95.5735,95.3615,95.5639,95.409,95.6148,95.8321,96.2075,96.0502,96.133,
83.6793,90.6092,91.7164,93.1668,94.5416,94.4703,94.3107,94.1971,94.5433,94.3526,94.4599,94.4607,94.1301,94.1283,94.4349,94.6789,94.5827,94.7957,94.7936,
74.9577,83.3721,86.1833,88.7955,90.7511,91.1134,91.5907,92.1845,91.9357,91.8854,92.2315,92.8958,93.3357,93.3887,93.3419,93.5204,93.328,93.7783,93.7948,
83.7795,87.991,90.1049,91.3491,92.6845,93.0276,93.4791,93.993,94.3599,94.189,94.3427,94.8302,94.4948,95.0566,95.0182,95.3397,95.4818,95.4264,95.5616,
80.7202,86.8029,90.0103,91.4419,92.9674,92.9771,93.6343,94.3965,94.5234,94.4767,94.3467,94.4755,94.3342,94.369,94.853,95.0489,94.8885,94.8857,94.69,
83.0834,88.8208,90.581,91.1333,92.6417,93.2227,93.8962,94.8092,94.8921,94.9498,95.0053,95.1724,95.5569,95.6628,95.7063,95.8264,95.7476,95.515,95.8959,
84.25,90.3062,91.7304,91.8255,93.2867,94.1811,94.1156,94.647,95.1077,95.2513,95.1488,95.0329,95.3161,95.6204,95.4718,95.6522,95.7557,95.5835,95.4993,
86.151,88.8598,91.7164,92.8252,93.278,93.9967,94.2099,94.4632,94.7024,95.1386,95.3751,95.4829,95.676,95.5911,95.5904,95.8779,95.9689,95.9478,95.8621,
84.5553,90.1654,93.343,94.7581,95.2043,96.3051,96.8102,96.8458,96.5826,96.0937,95.5156,95.7037,95.7672,95.6759,96.0126,95.9066,95.8015,95.7691,96.0991,
80.7202,88.6264,91.2144,91.8567,93.0362,93.791,93.8837,93.9985,94.4837,94.8691,94.899,94.984,94.8554,94.5471,95.1176,95.1165,95.2281,95.0661,95.2201,
84.7601,91.5928,93.4302,95.7211,95.6939,95.6754,96.2157,96.5545,96.1595,96.0478,95.9395,95.7572,95.5919,95.6693,96.0802,96.2459,96.0555,96.2969,96.2496,
87.0077,88.7041,92.1672,92.9957,94.3286,94.2329,94.5637,95,94.9823,95.319,95.2104,95.4525,95.48,95.8524,95.9819,95.8779,96.0989,95.9478,95.8621,
83.7795,88.9183,91.0898,92.5177,92.5479,92.8548,93.9275,93.949,93.9658,95.0801,95.2556,95.3122,95.7146,95.5488,95.3807,95.0686,94.8647,94.9232,95.1606,
76.209,83.3377,87.2612,89.0885,91.3949,91.7683,92.4434,92.3011,92.9517,93.1717,93.2534,93.4383,93.8661,93.8826,94.0147,94.2397,94.3364,94.5617,94.5161,
87.0798,89.8454,91.5205,93.6191,93.2953,93.6592,94.475,95.1915,95.2335,95.1836,94.9889,95.6427,95.7954,95.7281,95.5721,95.4957,95.8878,96.0553,96.1185,
85.9395,90.8124,94.9983,96.9354,96.2253,96.4909,96.1763,96.288,96.0466,95.8371,96.0481,96.2564,95.6269,95.5195,95.5234,95.8607,95.9094,95.7895,95.7513,
85.1036,88.125,91.9695,92.1703,92.8815,93.3097,93.9713,95.0112,94.4738,94.4679,94.6627,94.7665,95.3196,95.2859,94.775,94.9983,94.8198,94.8407,94.6476,
77.8187,84.8924,87.4775,90.6945,91.3367,91.1618,91.4897,91.6319,92.384,92.117,92.7552,93.1518,93.3858,93.7352,93.9705,93.9116,94.6537,94.9633,94.9519,
84.8286,92.4712,92.8806,94.4047,94.2755,94.7837,95.7583,96.3343,96.7071,97.0589,97.4748,97.7621,97.63,97.7293,97.8158,97.5622,97.5359,97.6605,97.6158,
75.1186,84.591,88.3925,90.9287,92.6759,92.6755,93.1765,93.724,94.1575,93.903,94.2741,94.2307,94.2729,94.5918,94.847,94.7068,94.9679,95.2623,95.406,
75.1454,82.2712,86.9703,88.6304,89.7703,90.7756,91.8233,92.6902,93.1489,93.4533,93.7969,93.8512,94.3308,94.1378,94.1357,94.3533,94.0887,94.129,94.2566,
82.8866,88.7041,90.938,92.6553,93.3473,94.5895,95.1251,94.8652,95.2638,95.4639,96.0398,96.4343,96.4396,96.3,96.2282,96.0846,96.0989,96.1117,96.2496,
84.5213,88.2595,90.1862,91.0002,91.9215,92.8404,93.865,94.6024,94.35,94.9633,94.9194,94.7628,94.7624,94.8445,94.7003,94.8383,94.9017,94.8382,94.7394,
79.198,87.0641,89.8755,89.8794,91.6616,92.3901,92.6377,92.8565,93.2599,93.4489,93.3166,93.9063,94.1913,93.8826,94.0619,94.1513,94.2528,94.4426,94.7606,
81.0316,86.9893,88.4446,89.9992,91.3616,92.3048,92.8574,93.8336,94.6925,95.0576,95.038,94.8714,94.8898,94.7068,94.6435,94.4727,94.5144,94.5517,94.488,
85.9395,91.3038,93.4593,94.6695,94.7019,95.1444,94.5764,94.3411,94.6725,94.7171,94.9562,95.1271,95.0142,95.0534,95.2807,95.2238,95.3508,95.6064,95.5592,
76.6541,85.4477,88.2885,90.1996,91.9299,92.8476,93.4234,93.724,94.0788,94.2199,94.5004,94.4681,94.5735,94.8733,95.3777,95.2464,95.3295,95.2018,95.0822,
85.1036,90.4878,93.343,93.9666,95.2043,95.9355,95.9668,96.0115,96.0056,95.9836,96.0816,96.1022,96.0492,95.5195,95.9144,96.2979,96.0393,96.2608,96.235,
83.9469,88.5489,91.159,90.7453,91.4448,91.6982,92.3344,92.717,92.9037,93.2668,93.0567,93.2278,93.5364,93.7508,94.1741,94.1899,93.9563,94.2201,94.549,
85.1381,89.5474,91.6464,91.9297,93.1656,93.5497,93.8275,94.258,94.7174,94.6502,94.7644,94.353,94.7142,94.9279,95.308,95.1814,95.3108,95.4264,95.4467,
83.4134,89.3302,91.7164,93.7708,93.9056,94.4703,94.6653,94.6415,95.1027,95.0666,95.5735,95.3615,95.5639,95.409,95.6148,95.8321,96.2075,96.0502,96.133,96.1245,
83.6793,90.6092,91.7164,93.1668,94.5416,94.4703,94.3107,94.1971,94.5433,94.3526,94.4599,94.4607,94.1301,94.1283,94.4349,94.6789,94.5827,94.7957,94.7936,94.7957,
74.9577,83.3721,86.1833,88.7955,90.7511,91.1134,91.5907,92.1845,91.9357,91.8854,92.2315,92.8958,93.3357,93.3887,93.3419,93.5204,93.328,93.7783,93.7948,93.9507,
83.7795,87.991,90.1049,91.3491,92.6845,93.0276,93.4791,93.993,94.3599,94.189,94.3427,94.8302,94.4948,95.0566,95.0182,95.3397,95.4818,95.4264,95.5616,95.599,
80.7202,86.8029,90.0103,91.4419,92.9674,92.9771,93.6343,94.3965,94.5234,94.4767,94.3467,94.4755,94.3342,94.369,94.853,95.0489,94.8885,94.8857,94.69,94.9126,
83.0834,88.8208,90.581,91.1333,92.6417,93.2227,93.8962,94.8092,94.8921,94.9498,95.0053,95.1724,95.5569,95.6628,95.7063,95.8264,95.7476,95.515,95.8959,95.7522,
84.25,90.3062,91.7304,91.8255,93.2867,94.1811,94.1156,94.647,95.1077,95.2513,95.1488,95.0329,95.3161,95.6204,95.4718,95.6522,95.7557,95.5835,95.4993,95.4486,
86.151,88.8598,91.7164,92.8252,93.278,93.9967,94.2099,94.4632,94.7024,95.1386,95.3751,95.4829,95.676,95.5911,95.5904,95.8779,95.9689,95.9478,95.8621,95.9402,
84.5553,90.1654,93.343,94.7581,95.2043,96.3051,96.8102,96.8458,96.5826,96.0937,95.5156,95.7037,95.7672,95.6759,96.0126,95.9066,95.8015,95.7691,96.0991,95.853,
80.7202,88.6264,91.2144,91.8567,93.0362,93.791,93.8837,93.9985,94.4837,94.8691,94.899,94.984,94.8554,94.5471,95.1176,95.1165,95.2281,95.0661,95.2201,95.2919,
84.7601,91.5928,93.4302,95.7211,95.6939,95.6754,96.2157,96.5545,96.1595,96.0478,95.9395,95.7572,95.5919,95.6693,96.0802,96.2459,96.0555,96.2969,96.2496,96.2723,
87.0077,88.7041,92.1672,92.9957,94.3286,94.2329,94.5637,95,94.9823,95.319,95.2104,95.4525,95.48,95.8524,95.9819,95.8779,96.0989,95.9478,95.8621,96.0507,
83.7795,88.9183,91.0898,92.5177,92.5479,92.8548,93.9275,93.949,93.9658,95.0801,95.2556,95.3122,95.7146,95.5488,95.3807,95.0686,94.8647,94.9232,95.1606,95.326,
76.209,83.3377,87.2612,89.0885,91.3949,91.7683,92.4434,92.3011,92.9517,93.1717,93.2534,93.4383,93.8661,93.8826,94.0147,94.2397,94.3364,94.5617,94.5161,94.6568,
87.0798,89.8454,91.5205,93.6191,93.2953,93.6592,94.475,95.1915,95.2335,95.1836,94.9889,95.6427,95.7954,95.7281,95.5721,95.4957,95.8878,96.0553,96.1185,95.8897,
85.9395,90.8124,94.9983,96.9354,96.2253,96.4909,96.1763,96.288,96.0466,95.8371,96.0481,96.2564,95.6269,95.5195,95.5234,95.8607,95.9094,95.7895,95.7513,95.7247,
85.1036,88.125,91.9695,92.1703,92.8815,93.3097,93.9713,95.0112,94.4738,94.4679,94.6627,94.7665,95.3196,95.2859,94.775,94.9983,94.8198,94.8407,94.6476,94.6032,
77.8187,84.8924,87.4775,90.6945,91.3367,91.1618,91.4897,91.6319,92.384,92.117,92.7552,93.1518,93.3858,93.7352,93.9705,93.9116,94.6537,94.9633,94.9519,95.0184,
84.8286,92.4712,92.8806,94.4047,94.2755,94.7837,95.7583,96.3343,96.7071,97.0589,97.4748,97.7621,97.63,97.7293,97.8158,97.5622,97.5359,97.6605,97.6158,97.5907,
75.1186,84.591,88.3925,90.9287,92.6759,92.6755,93.1765,93.724,94.1575,93.903,94.2741,94.2307,94.2729,94.5918,94.847,94.7068,94.9679,95.2623,95.406,95.3237,
75.1454,82.2712,86.9703,88.6304,89.7703,90.7756,91.8233,92.6902,93.1489,93.4533,93.7969,93.8512,94.3308,94.1378,94.1357,94.3533,94.0887,94.129,94.2566,94.3913,
82.8866,88.7041,90.938,92.6553,93.3473,94.5895,95.1251,94.8652,95.2638,95.4639,96.0398,96.4343,96.4396,96.3,96.2282,96.0846,96.0989,96.1117,96.2496,96.0507,
84.5213,88.2595,90.1862,91.0002,91.9215,92.8404,93.865,94.6024,94.35,94.9633,94.9194,94.7628,94.7624,94.8445,94.7003,94.8383,94.9017,94.8382,94.7394,94.9418,
79.198,87.0641,89.8755,89.8794,91.6616,92.3901,92.6377,92.8565,93.2599,93.4489,93.3166,93.9063,94.1913,93.8826,94.0619,94.1513,94.2528,94.4426,94.7606,94.9621,
81.0316,86.9893,88.4446,89.9992,91.3616,92.3048,92.8574,93.8336,94.6925,95.0576,95.038,94.8714,94.8898,94.7068,94.6435,94.4727,94.5144,94.5517,94.488,94.6479,
85.9395,91.3038,93.4593,94.6695,94.7019,95.1444,94.5764,94.3411,94.6725,94.7171,94.9562,95.1271,95.0142,95.0534,95.2807,95.2238,95.3508,95.6064,95.5592,95.4509,
76.6541,85.4477,88.2885,90.1996,91.9299,92.8476,93.4234,93.724,94.0788,94.2199,94.5004,94.4681,94.5735,94.8733,95.3777,95.2464,95.3295,95.2018,95.0822,95.1787,
85.1036,90.4878,93.343,93.9666,95.2043,95.9355,95.9668,96.0115,96.0056,95.9836,96.0816,96.1022,96.0492,95.5195,95.9144,96.2979,96.0393,96.2608,96.235,96.3511,
83.9469,88.5489,91.159,90.7453,91.4448,91.6982,92.3344,92.717,92.9037,93.2668,93.0567,93.2278,93.5364,93.7508,94.1741,94.1899,93.9563,94.2201,94.549,94.6166,
85.1381,89.5474,91.6464,91.9297,93.1656,93.5497,93.8275,94.258,94.7174,94.6502,94.7644,94.353,94.7142,94.9279,95.308,95.1814,95.3108,95.4264,95.4467,95.6721,
83.4134,89.3302,91.7164,93.7708,93.9056,94.4703,94.6653,94.6415,95.1027,95.0666,95.5735,95.3615,95.5639,95.409,95.6148,95.8321,96.2075,96.0502,96.133,96.1245,
83.6793,90.6092,91.7164,93.1668,94.5416,94.4703,94.3107,94.1971,94.5433,94.3526,94.4599,94.4607,94.1301,94.1283,94.4349,94.6789,94.5827,94.7957,94.7936,94.7957,
74.9577,83.3721,86.1833,88.7955,90.7511,91.1134,91.5907,92.1845,91.9357,91.8854,92.2315,92.8958,93.3357,93.3887,93.3419,93.5204,93.328,93.7783,93.7948,93.9507,
83.7795,87.991,90.1049,91.3491,92.6845,93.0276,93.4791,93.993,94.3599,94.189,94.3427,94.8302,94.4948,95.0566,95.0182,95.3397,95.4818,95.4264,95.5616,95.599,
80.7202,86.8029,90.0103,91.4419,92.9674,92.9771,93.6343,94.3965,94.5234,94.4767,94.3467,94.4755,94.3342,94.369,94.853,95.0489,94.8885,94.8857,94.69,94.9126,
83.0834,88.8208,90.581,91.1333,92.6417,93.2227,93.8962,94.8092,94.8921,94.9498,95.0053,95.1724,95.5569,95.6628,95.7063,95.8264,95.7476,95.515,95.8959,95.7522,
84.25,90.3062,91.7304,91.8255,93.2867,94.1811,94.1156,94.647,95.1077,95.2513,95.1488,95.0329,95.3161,95.6204,95.4718,95.6522,95.7557,95.5835,95.4993,95.4486,
86.151,88.8598,91.7164,92.8252,93.278,93.9967,94.2099,94.4632,94.7024,95.1386,95.3751,95.4829,95.676,95.5911,95.5904,95.8779,95.9689,95.9478,95.8621,95.9402,
84.5553,90.1654,93.343,94.7581,95.2043,96.3051,96.8102,96.8458,96.5826,96.0937,95.5156,95.7037,95.7672,95.6759,96.0126,95.9066,95.8015,95.7691,96.0991,95.853,
80.7202,88.6264,91.2144,91.8567,93.0362,93.791,93.8837,93.9985,94.4837,94.8691,94.899,94.984,94.8554,94.5471,95.1176,95.1165,95.2281,95.0661,95.2201,95.2919,
84.7601,91.5928,93.4302,95.7211,95.6939,95.6754,96.2157,96.5545,96.1595,96.0478,95.9395,95.7572,95.5919,95.6693,96.0802,96.2459,96.0555,96.2969,96.2496,96.2723,
87.0077,88.7041,92.1672,92.9957,94.3286,94.2329,94.5637,95,94.9823,95.319,95.2104,95.4525,95.48,95.8524,95.9819,95.8779,96.0989,95.9478,95.8621,96.0507,
83.7795,88.9183,91.0898,92.5177,92.5479,92.8548,93.9275,93.949,93.9658,95.0801,95.2556,95.3122,95.7146,95.5488,95.3807,95.0686,94.8647,94.9232,95.1606,95.326,
76.209,83.3377,87.2612,89.0885,91.3949,91.7683,92.4434,92.3011,92.9517,93.1717,93.2534,93.4383,93.8661,93.8826,94.0147,94.2397,94.3364,94.5617,94.5161,94.6568,
87.0798,89.8454,91.5205,93.6191,93.2953,93.6592,94.475,95.1915,95.2335,95.1836,94.9889,95.6427,95.7954,95.7281,95.5721,95.4957,95.8878,96.0553,96.1185,95.8897,
85.9395,90.8124,94.9983,96.9354,96.2253,96.4909,96.1763,96.288,96.0466,95.8371,96.0481,96.2564,95.6269,95.5195,95.5234,95.8607,95.9094,95.7895,95.7513,95.7247,
85.1036,88.125,91.9695,92.1703,92.8815,93.3097,93.9713,95.0112,94.4738,94.4679,94.6627,94.7665,95.3196,95.2859,94.775,94.9983,94.8198,94.8407,94.6476,94.6032,
77.8187,84.8924,87.4775,90.6945,91.3367,91.1618,91.4897,91.6319,92.384,92.117,92.7552,93.1518,93.3858,93.7352,93.9705,93.9116,94.6537,94.9633,94.9519,95.0184,
84.8286,92.4712,92.8806,94.4047,94.2755,94.7837,95.7583,96.3343,96.7071,97.0589,97.4748,97.7621,97.63,97.7293,97.8158,97.5622,97.5359,97.6605,97.6158,97.5907,
75.1186,84.591,88.3925,90.9287,92.6759,92.6755,93.1765,93.724,94.1575,93.903,94.2741,94.2307,94.2729,94.5918,94.847,94.7068,94.9679,95.2623,95.406,95.3237,
75.1454,82.2712,86.9703,88.6304,89.7703,90.7756,91.8233,92.6902,93.1489,93.4533,93.7969,93.8512,94.3308,94.1378,94.1357,94.3533,94.0887,94.129,94.2566,94.3913,
82.8866,88.7041,90.938,92.6553,93.3473,94.5895,95.1251,94.8652,95.2638,95.4639,96.0398,96.4343,96.4396,96.3,96.2282,96.0846,96.0989,96.1117,96.2496,96.0507,
84.5213,88.2595,90.1862,91.0002,91.9215,92.8404,93.865,94.6024,94.35,94.9633,94.9194,94.7628,94.7624,94.8445,94.7003,94.8383,94.9017,94.8382,94.7394,94.9418,
79.198,87.0641,89.8755,89.8794,91.6616,92.3901,92.6377,92.8565,93.2599,93.4489,93.3166,93.9063,94.1913,93.8826,94.0619,94.1513,94.2528,94.4426,94.7606,94.9621,
81.0316,86.9893,88.4446,89.9992,91.3616,92.3048,92.8574,93.8336,94.6925,95.0576,95.038,94.8714,94.8898,94.7068,94.6435,94.4727,94.5144,94.5517,94.488,94.6479,
85.9395,91.3038,93.4593,94.6695,94.7019,95.1444,94.5764,94.3411,94.6725,94.7171,94.9562,95.1271,95.0142,95.0534,95.2807,95.2238,95.3508,95.6064,95.5592,95.4509,
76.6541,85.4477,88.2885,90.1996,91.9299,92.8476,93.4234,93.724,94.0788,94.2199,94.5004,94.4681,94.5735,94.8733,95.3777,95.2464,95.3295,95.2018,95.0822,95.1787,
85.1036,90.4878,93.343,93.9666,95.2043,95.9355,95.9668,96.0115,96.0056,95.9836,96.0816,96.1022,96.0492,95.5195,95.9144,96.2979,96.0393,96.2608,96.235,96.3511,
83.9469,88.5489,91.159,90.7453,91.4448,91.6982,92.3344,92.717,92.9037,93.2668,93.0567,93.2278,93.5364,93.7508,94.1741,94.1899,93.9563,94.2201,94.549,94.6166,
85.1381,89.5474,91.6464,91.9297,93.1656,93.5497,93.8275,94.258,94.7174,94.6502,94.7644,94.353,94.7142,94.9279,95.308,95.1814,95.3108,95.4264,95.4467,95.6721,
