





























2.43977,
3.48553,
4.55412,
3.33948,
1.53595,
1.4072,
2.32907,
1.56355,
1.4858,
4.84814,
2.41882,
2.28071,
2.40107,
3.08605,
2.31095,
1.54153,
3.00656,
1.45391,
3.38588,
4.58181,
1.50303,
2.1632,
2.93997,
5.47306,
1.51608,
3.91962,
1.9579,
2.42127,
2.94767,
3.47094,
2.43977,
3.48553,
4.55412,
3.33948,
1.53595,
1.4072,
2.32907,
1.56355,
1.4858,
4.84814,
2.41882,
2.28071,
2.40107,
3.08605,
2.31095,
1.54153,
3.00656,
1.45391,
3.38588,
4.58181,
1.50303,
2.1632,
2.93997,
5.47306,
1.51608,
3.91962,
1.9579,
2.42127,
2.94767,
3.47094,
2.43977,3.0586,
3.48553,3.71937,
4.55412,3.86661,
3.33948,3.45737,
1.53595,2.83625,
1.4072,2.58023,
2.32907,3.10934,
1.56355,2.86969,
1.4858,2.75088,
4.84814,4.28616,
2.41882,3.14312,
2.28071,3.02215,
2.40107,3.12673,
3.08605,3.14557,
2.31095,3.07024,
1.54153,2.81947,
3.00656,3.16845,
1.45391,2.70361,
3.38588,3.31071,
4.58181,3.59431,
1.50303,2.76369,
2.1632,3.04388,
2.93997,3.08815,
5.47306,4.92895,
1.51608,2.7546,
3.91962,4.77409,
1.9579,3.01265,
2.42127,3.10995,
2.94767,3.2261,
3.47094,3.75255,
2.43977,3.0586,
3.48553,3.71937,
4.55412,3.86661,
3.33948,3.45737,
1.53595,2.83625,
1.4072,2.58023,
2.32907,3.10934,
1.56355,2.86969,
1.4858,2.75088,
4.84814,4.28616,
2.41882,3.14312,
2.28071,3.02215,
2.40107,3.12673,
3.08605,3.14557,
2.31095,3.07024,
1.54153,2.81947,
3.00656,3.16845,
1.45391,2.70361,
3.38588,3.31071,
4.58181,3.59431,
1.50303,2.76369,
2.1632,3.04388,
2.93997,3.08815,
5.47306,4.92895,
1.51608,2.7546,
3.91962,4.77409,
1.9579,3.01265,
2.42127,3.10995,
2.94767,3.2261,
3.47094,3.75255,
2.43977,3.0586,4.19758,
3.48553,3.71937,4.49643,
4.55412,3.86661,4.45317,
3.33948,3.45737,4.34606,
1.53595,2.83625,3.9685,
1.4072,2.58023,3.5991,
2.32907,3.10934,4.24616,
1.56355,2.86969,3.97113,
1.4858,2.75088,3.83908,
4.84814,4.28616,4.55716,
2.41882,3.14312,4.32887,
2.28071,3.02215,4.2246,
2.40107,3.12673,4.24063,
3.08605,3.14557,4.32478,
2.31095,3.07024,4.21893,
1.54153,2.81947,3.90672,
3.00656,3.16845,4.31649,
1.45391,2.70361,3.69543,
3.38588,3.31071,4.36442,
4.58181,3.59431,4.37286,
1.50303,2.76369,3.82269,
2.1632,3.04388,4.20403,
2.93997,3.08815,4.28123,
5.47306,4.92895,4.67589,
1.51608,2.7546,3.86643,
3.91962,4.77409,5.16465,
1.9579,3.01265,4.15182,
2.42127,3.10995,4.28595,
2.94767,3.2261,4.39802,
3.47094,3.75255,4.48927,
2.43977,3.0586,4.19758,
3.48553,3.71937,4.49643,
4.55412,3.86661,4.45317,
3.33948,3.45737,4.34606,
1.53595,2.83625,3.9685,
1.4072,2.58023,3.5991,
2.32907,3.10934,4.24616,
1.56355,2.86969,3.97113,
1.4858,2.75088,3.83908,
4.84814,4.28616,4.55716,
2.41882,3.14312,4.32887,
2.28071,3.02215,4.2246,
2.40107,3.12673,4.24063,
3.08605,3.14557,4.32478,
2.31095,3.07024,4.21893,
1.54153,2.81947,3.90672,
3.00656,3.16845,4.31649,
1.45391,2.70361,3.69543,
3.38588,3.31071,4.36442,
4.58181,3.59431,4.37286,
1.50303,2.76369,3.82269,
2.1632,3.04388,4.20403,
2.93997,3.08815,4.28123,
5.47306,4.92895,4.67589,
1.51608,2.7546,3.86643,
3.91962,4.77409,5.16465,
1.9579,3.01265,4.15182,
2.42127,3.10995,4.28595,
2.94767,3.2261,4.39802,
3.47094,3.75255,4.48927,
2.43977,3.0586,4.19758,5.18819,
3.48553,3.71937,4.49643,5.55459,
4.55412,3.86661,4.45317,5.5137,
3.33948,3.45737,4.34606,5.31185,
1.53595,2.83625,3.9685,4.87693,
1.4072,2.58023,3.5991,4.4998,
2.32907,3.10934,4.24616,5.23937,
1.56355,2.86969,3.97113,4.93949,
1.4858,2.75088,3.83908,4.77883,
4.84814,4.28616,4.55716,5.58774,
2.41882,3.14312,4.32887,5.29688,
2.28071,3.02215,4.2246,5.16737,
2.40107,3.12673,4.24063,5.26337,
3.08605,3.14557,4.32478,5.34893,
2.31095,3.07024,4.21893,5.23045,
1.54153,2.81947,3.90672,4.87937,
3.00656,3.16845,4.31649,5.35136,
1.45391,2.70361,3.69543,4.61065,
3.38588,3.31071,4.36442,5.32707,
4.58181,3.59431,4.37286,5.45417,
1.50303,2.76369,3.82269,4.75975,
2.1632,3.04388,4.20403,5.20628,
2.93997,3.08815,4.28123,5.20873,
5.47306,4.92895,4.67589,5.75596,
1.51608,2.7546,3.86643,4.77331,
3.91962,4.77409,5.16465,5.81879,
1.9579,3.01265,4.15182,5.1001,
2.42127,3.10995,4.28595,5.31751,
2.94767,3.2261,4.39802,5.4021,
3.47094,3.75255,4.48927,5.54569,
2.43977,3.0586,4.19758,5.18819,
3.48553,3.71937,4.49643,5.55459,
4.55412,3.86661,4.45317,5.5137,
3.33948,3.45737,4.34606,5.31185,
1.53595,2.83625,3.9685,4.87693,
1.4072,2.58023,3.5991,4.4998,
2.32907,3.10934,4.24616,5.23937,
1.56355,2.86969,3.97113,4.93949,
1.4858,2.75088,3.83908,4.77883,
4.84814,4.28616,4.55716,5.58774,
2.41882,3.14312,4.32887,5.29688,
2.28071,3.02215,4.2246,5.16737,
2.40107,3.12673,4.24063,5.26337,
3.08605,3.14557,4.32478,5.34893,
2.31095,3.07024,4.21893,5.23045,
1.54153,2.81947,3.90672,4.87937,
3.00656,3.16845,4.31649,5.35136,
1.45391,2.70361,3.69543,4.61065,
3.38588,3.31071,4.36442,5.32707,
4.58181,3.59431,4.37286,5.45417,
1.50303,2.76369,3.82269,4.75975,
2.1632,3.04388,4.20403,5.20628,
2.93997,3.08815,4.28123,5.20873,
5.47306,4.92895,4.67589,5.75596,
1.51608,2.7546,3.86643,4.77331,
3.91962,4.77409,5.16465,5.81879,
1.9579,3.01265,4.15182,5.1001,
2.42127,3.10995,4.28595,5.31751,
2.94767,3.2261,4.39802,5.4021,
3.47094,3.75255,4.48927,5.54569,
2.43977,3.0586,4.19758,5.18819,6.07935,
3.48553,3.71937,4.49643,5.55459,6.4607,
4.55412,3.86661,4.45317,5.5137,6.40037,
3.33948,3.45737,4.34606,5.31185,6.18721,
1.53595,2.83625,3.9685,4.87693,5.62052,
1.4072,2.58023,3.5991,4.4998,5.28139,
2.32907,3.10934,4.24616,5.23937,6.06658,
1.56355,2.86969,3.97113,4.93949,5.76999,
1.4858,2.75088,3.83908,4.77883,5.57639,
4.84814,4.28616,4.55716,5.58774,6.50607,
2.41882,3.14312,4.32887,5.29688,6.16729,
2.28071,3.02215,4.2246,5.16737,5.97725,
2.40107,3.12673,4.24063,5.26337,6.10607,
3.08605,3.14557,4.32478,5.34893,6.24606,
2.31095,3.07024,4.21893,5.23045,6.12051,
1.54153,2.81947,3.90672,4.87937,5.68546,
3.00656,3.16845,4.31649,5.35136,6.19204,
1.45391,2.70361,3.69543,4.61065,5.41491,
3.38588,3.31071,4.36442,5.32707,6.19235,
4.58181,3.59431,4.37286,5.45417,6.28297,
1.50303,2.76369,3.82269,4.75975,5.56939,
2.1632,3.04388,4.20403,5.20628,6.03902,
2.93997,3.08815,4.28123,5.20873,6.09037,
5.47306,4.92895,4.67589,5.75596,6.62128,
1.51608,2.7546,3.86643,4.77331,5.55613,
3.91962,4.77409,5.16465,5.81879,6.76809,
1.9579,3.01265,4.15182,5.1001,5.91458,
2.42127,3.10995,4.28595,5.31751,6.1368,
2.94767,3.2261,4.39802,5.4021,6.22128,
3.47094,3.75255,4.48927,5.54569,6.44149,
2.43977,3.0586,4.19758,5.18819,6.07935,
3.48553,3.71937,4.49643,5.55459,6.4607,
4.55412,3.86661,4.45317,5.5137,6.40037,
3.33948,3.45737,4.34606,5.31185,6.18721,
1.53595,2.83625,3.9685,4.87693,5.62052,
1.4072,2.58023,3.5991,4.4998,5.28139,
2.32907,3.10934,4.24616,5.23937,6.06658,
1.56355,2.86969,3.97113,4.93949,5.76999,
1.4858,2.75088,3.83908,4.77883,5.57639,
4.84814,4.28616,4.55716,5.58774,6.50607,
2.41882,3.14312,4.32887,5.29688,6.16729,
2.28071,3.02215,4.2246,5.16737,5.97725,
2.40107,3.12673,4.24063,5.26337,6.10607,
3.08605,3.14557,4.32478,5.34893,6.24606,
2.31095,3.07024,4.21893,5.23045,6.12051,
1.54153,2.81947,3.90672,4.87937,5.68546,
3.00656,3.16845,4.31649,5.35136,6.19204,
1.45391,2.70361,3.69543,4.61065,5.41491,
3.38588,3.31071,4.36442,5.32707,6.19235,
4.58181,3.59431,4.37286,5.45417,6.28297,
1.50303,2.76369,3.82269,4.75975,5.56939,
2.1632,3.04388,4.20403,5.20628,6.03902,
2.93997,3.08815,4.28123,5.20873,6.09037,
5.47306,4.92895,4.67589,5.75596,6.62128,
1.51608,2.7546,3.86643,4.77331,5.55613,
3.91962,4.77409,5.16465,5.81879,6.76809,
1.9579,3.01265,4.15182,5.1001,5.91458,
2.42127,3.10995,4.28595,5.31751,6.1368,
2.94767,3.2261,4.39802,5.4021,6.22128,
3.47094,3.75255,4.48927,5.54569,6.44149,
2.43977,3.0586,4.19758,5.18819,6.07935,6.74703,
3.48553,3.71937,4.49643,5.55459,6.4607,7.20737,
4.55412,3.86661,4.45317,5.5137,6.40037,7.14149,
3.33948,3.45737,4.34606,5.31185,6.18721,6.93454,
1.53595,2.83625,3.9685,4.87693,5.62052,6.3904,
1.4072,2.58023,3.5991,4.4998,5.28139,6.02505,
2.32907,3.10934,4.24616,5.23937,6.06658,6.838,
1.56355,2.86969,3.97113,4.93949,5.76999,6.45288,
1.4858,2.75088,3.83908,4.77883,5.57639,6.3106,
4.84814,4.28616,4.55716,5.58774,6.50607,7.24941,
2.41882,3.14312,4.32887,5.29688,6.16729,6.89309,
2.28071,3.02215,4.2246,5.16737,5.97725,6.7802,
2.40107,3.12673,4.24063,5.26337,6.10607,6.89518,
3.08605,3.14557,4.32478,5.34893,6.24606,7.00596,
2.31095,3.07024,4.21893,5.23045,6.12051,6.88155,
1.54153,2.81947,3.90672,4.87937,5.68546,6.44917,
3.00656,3.16845,4.31649,5.35136,6.19204,6.9233,
1.45391,2.70361,3.69543,4.61065,5.41491,6.13567,
3.38588,3.31071,4.36442,5.32707,6.19235,6.92591,
4.58181,3.59431,4.37286,5.45417,6.28297,6.97583,
1.50303,2.76369,3.82269,4.75975,5.56939,6.24352,
2.1632,3.04388,4.20403,5.20628,6.03902,6.64183,
2.93997,3.08815,4.28123,5.20873,6.09037,6.74788,
5.47306,4.92895,4.67589,5.75596,6.62128,7.44719,
1.51608,2.7546,3.86643,4.77331,5.55613,6.2828,
3.91962,4.77409,5.16465,5.81879,6.76809,7.54087,
1.9579,3.01265,4.15182,5.1001,5.91458,6.66086,
2.42127,3.10995,4.28595,5.31751,6.1368,6.92641,
2.94767,3.2261,4.39802,5.4021,6.22128,7.00993,
3.47094,3.75255,4.48927,5.54569,6.44149,7.2018,
2.43977,3.0586,4.19758,5.18819,6.07935,6.74703,
3.48553,3.71937,4.49643,5.55459,6.4607,7.20737,
4.55412,3.86661,4.45317,5.5137,6.40037,7.14149,
3.33948,3.45737,4.34606,5.31185,6.18721,6.93454,
1.53595,2.83625,3.9685,4.87693,5.62052,6.3904,
1.4072,2.58023,3.5991,4.4998,5.28139,6.02505,
2.32907,3.10934,4.24616,5.23937,6.06658,6.838,
1.56355,2.86969,3.97113,4.93949,5.76999,6.45288,
1.4858,2.75088,3.83908,4.77883,5.57639,6.3106,
4.84814,4.28616,4.55716,5.58774,6.50607,7.24941,
2.41882,3.14312,4.32887,5.29688,6.16729,6.89309,
2.28071,3.02215,4.2246,5.16737,5.97725,6.7802,
2.40107,3.12673,4.24063,5.26337,6.10607,6.89518,
3.08605,3.14557,4.32478,5.34893,6.24606,7.00596,
2.31095,3.07024,4.21893,5.23045,6.12051,6.88155,
1.54153,2.81947,3.90672,4.87937,5.68546,6.44917,
3.00656,3.16845,4.31649,5.35136,6.19204,6.9233,
1.45391,2.70361,3.69543,4.61065,5.41491,6.13567,
3.38588,3.31071,4.36442,5.32707,6.19235,6.92591,
4.58181,3.59431,4.37286,5.45417,6.28297,6.97583,
1.50303,2.76369,3.82269,4.75975,5.56939,6.24352,
2.1632,3.04388,4.20403,5.20628,6.03902,6.64183,
2.93997,3.08815,4.28123,5.20873,6.09037,6.74788,
5.47306,4.92895,4.67589,5.75596,6.62128,7.44719,
1.51608,2.7546,3.86643,4.77331,5.55613,6.2828,
3.91962,4.77409,5.16465,5.81879,6.76809,7.54087,
1.9579,3.01265,4.15182,5.1001,5.91458,6.66086,
2.42127,3.10995,4.28595,5.31751,6.1368,6.92641,
2.94767,3.2261,4.39802,5.4021,6.22128,7.00993,
3.47094,3.75255,4.48927,5.54569,6.44149,7.2018,
2.43977,3.0586,4.19758,5.18819,6.07935,6.74703,7.37372,
3.48553,3.71937,4.49643,5.55459,6.4607,7.20737,7.91782,
4.55412,3.86661,4.45317,5.5137,6.40037,7.14149,7.87412,
3.33948,3.45737,4.34606,5.31185,6.18721,6.93454,7.60737,
1.53595,2.83625,3.9685,4.87693,5.62052,6.3904,7.03073,
1.4072,2.58023,3.5991,4.4998,5.28139,6.02505,6.63107,
2.32907,3.10934,4.24616,5.23937,6.06658,6.838,7.50306,
1.56355,2.86969,3.97113,4.93949,5.76999,6.45288,7.13185,
1.4858,2.75088,3.83908,4.77883,5.57639,6.3106,6.96617,
4.84814,4.28616,4.55716,5.58774,6.50607,7.24941,7.90284,
2.41882,3.14312,4.32887,5.29688,6.16729,6.89309,7.53916,
2.28071,3.02215,4.2246,5.16737,5.97725,6.7802,7.48063,
2.40107,3.12673,4.24063,5.26337,6.10607,6.89518,7.55159,
3.08605,3.14557,4.32478,5.34893,6.24606,7.00596,7.67022,
2.31095,3.07024,4.21893,5.23045,6.12051,6.88155,7.5429,
1.54153,2.81947,3.90672,4.87937,5.68546,6.44917,7.06979,
3.00656,3.16845,4.31649,5.35136,6.19204,6.9233,7.56122,
1.45391,2.70361,3.69543,4.61065,5.41491,6.13567,6.69093,
3.38588,3.31071,4.36442,5.32707,6.19235,6.92591,7.55309,
4.58181,3.59431,4.37286,5.45417,6.28297,6.97583,7.54004,
1.50303,2.76369,3.82269,4.75975,5.56939,6.24352,6.80488,
2.1632,3.04388,4.20403,5.20628,6.03902,6.64183,7.28681,
2.93997,3.08815,4.28123,5.20873,6.09037,6.74788,7.41628,
5.47306,4.92895,4.67589,5.75596,6.62128,7.44719,8.15284,
1.51608,2.7546,3.86643,4.77331,5.55613,6.2828,6.95974,
3.91962,4.77409,5.16465,5.81879,6.76809,7.54087,8.17771,
1.9579,3.01265,4.15182,5.1001,5.91458,6.66086,7.29756,
2.42127,3.10995,4.28595,5.31751,6.1368,6.92641,7.58955,
2.94767,3.2261,4.39802,5.4021,6.22128,7.00993,7.64092,
3.47094,3.75255,4.48927,5.54569,6.44149,7.2018,7.80494,
2.43977,3.0586,4.19758,5.18819,6.07935,6.74703,7.37372,
3.48553,3.71937,4.49643,5.55459,6.4607,7.20737,7.91782,
4.55412,3.86661,4.45317,5.5137,6.40037,7.14149,7.87412,
3.33948,3.45737,4.34606,5.31185,6.18721,6.93454,7.60737,
1.53595,2.83625,3.9685,4.87693,5.62052,6.3904,7.03073,
1.4072,2.58023,3.5991,4.4998,5.28139,6.02505,6.63107,
2.32907,3.10934,4.24616,5.23937,6.06658,6.838,7.50306,
1.56355,2.86969,3.97113,4.93949,5.76999,6.45288,7.13185,
1.4858,2.75088,3.83908,4.77883,5.57639,6.3106,6.96617,
4.84814,4.28616,4.55716,5.58774,6.50607,7.24941,7.90284,
2.41882,3.14312,4.32887,5.29688,6.16729,6.89309,7.53916,
2.28071,3.02215,4.2246,5.16737,5.97725,6.7802,7.48063,
2.40107,3.12673,4.24063,5.26337,6.10607,6.89518,7.55159,
3.08605,3.14557,4.32478,5.34893,6.24606,7.00596,7.67022,
2.31095,3.07024,4.21893,5.23045,6.12051,6.88155,7.5429,
1.54153,2.81947,3.90672,4.87937,5.68546,6.44917,7.06979,
3.00656,3.16845,4.31649,5.35136,6.19204,6.9233,7.56122,
1.45391,2.70361,3.69543,4.61065,5.41491,6.13567,6.69093,
3.38588,3.31071,4.36442,5.32707,6.19235,6.92591,7.55309,
4.58181,3.59431,4.37286,5.45417,6.28297,6.97583,7.54004,
1.50303,2.76369,3.82269,4.75975,5.56939,6.24352,6.80488,
2.1632,3.04388,4.20403,5.20628,6.03902,6.64183,7.28681,
2.93997,3.08815,4.28123,5.20873,6.09037,6.74788,7.41628,
5.47306,4.92895,4.67589,5.75596,6.62128,7.44719,8.15284,
1.51608,2.7546,3.86643,4.77331,5.55613,6.2828,6.95974,
3.91962,4.77409,5.16465,5.81879,6.76809,7.54087,8.17771,
1.9579,3.01265,4.15182,5.1001,5.91458,6.66086,7.29756,
2.42127,3.10995,4.28595,5.31751,6.1368,6.92641,7.58955,
2.94767,3.2261,4.39802,5.4021,6.22128,7.00993,7.64092,
3.47094,3.75255,4.48927,5.54569,6.44149,7.2018,7.80494,
2.43977,3.0586,4.19758,5.18819,6.07935,6.74703,7.37372,8.04582,
3.48553,3.71937,4.49643,5.55459,6.4607,7.20737,7.91782,8.55889,
4.55412,3.86661,4.45317,5.5137,6.40037,7.14149,7.87412,8.43618,
3.33948,3.45737,4.34606,5.31185,6.18721,6.93454,7.60737,8.21652,
1.53595,2.83625,3.9685,4.87693,5.62052,6.3904,7.03073,7.6346,
1.4072,2.58023,3.5991,4.4998,5.28139,6.02505,6.63107,7.20887,
2.32907,3.10934,4.24616,5.23937,6.06658,6.838,7.50306,8.07115,
1.56355,2.86969,3.97113,4.93949,5.76999,6.45288,7.13185,7.65779,
1.4858,2.75088,3.83908,4.77883,5.57639,6.3106,6.96617,7.4747,
4.84814,4.28616,4.55716,5.58774,6.50607,7.24941,7.90284,8.5022,
2.41882,3.14312,4.32887,5.29688,6.16729,6.89309,7.53916,8.14461,
2.28071,3.02215,4.2246,5.16737,5.97725,6.7802,7.48063,8.03406,
2.40107,3.12673,4.24063,5.26337,6.10607,6.89518,7.55159,8.0214,
3.08605,3.14557,4.32478,5.34893,6.24606,7.00596,7.67022,8.22043,
2.31095,3.07024,4.21893,5.23045,6.12051,6.88155,7.5429,8.1704,
1.54153,2.81947,3.90672,4.87937,5.68546,6.44917,7.06979,7.58443,
3.00656,3.16845,4.31649,5.35136,6.19204,6.9233,7.56122,8.21736,
1.45391,2.70361,3.69543,4.61065,5.41491,6.13567,6.69093,7.29229,
3.38588,3.31071,4.36442,5.32707,6.19235,6.92591,7.55309,8.10947,
4.58181,3.59431,4.37286,5.45417,6.28297,6.97583,7.54004,8.11879,
1.50303,2.76369,3.82269,4.75975,5.56939,6.24352,6.80488,7.37228,
2.1632,3.04388,4.20403,5.20628,6.03902,6.64183,7.28681,7.84713,
2.93997,3.08815,4.28123,5.20873,6.09037,6.74788,7.41628,8.01851,
5.47306,4.92895,4.67589,5.75596,6.62128,7.44719,8.15284,8.77501,
1.51608,2.7546,3.86643,4.77331,5.55613,6.2828,6.95974,7.49462,
3.91962,4.77409,5.16465,5.81879,6.76809,7.54087,8.17771,8.78904,
1.9579,3.01265,4.15182,5.1001,5.91458,6.66086,7.29756,7.88612,
2.42127,3.10995,4.28595,5.31751,6.1368,6.92641,7.58955,8.22984,
2.94767,3.2261,4.39802,5.4021,6.22128,7.00993,7.64092,8.16876,
3.47094,3.75255,4.48927,5.54569,6.44149,7.2018,7.80494,8.36291,
2.43977,3.0586,4.19758,5.18819,6.07935,6.74703,7.37372,8.04582,
3.48553,3.71937,4.49643,5.55459,6.4607,7.20737,7.91782,8.55889,
4.55412,3.86661,4.45317,5.5137,6.40037,7.14149,7.87412,8.43618,
3.33948,3.45737,4.34606,5.31185,6.18721,6.93454,7.60737,8.21652,
1.53595,2.83625,3.9685,4.87693,5.62052,6.3904,7.03073,7.6346,
1.4072,2.58023,3.5991,4.4998,5.28139,6.02505,6.63107,7.20887,
2.32907,3.10934,4.24616,5.23937,6.06658,6.838,7.50306,8.07115,
1.56355,2.86969,3.97113,4.93949,5.76999,6.45288,7.13185,7.65779,
1.4858,2.75088,3.83908,4.77883,5.57639,6.3106,6.96617,7.4747,
4.84814,4.28616,4.55716,5.58774,6.50607,7.24941,7.90284,8.5022,
2.41882,3.14312,4.32887,5.29688,6.16729,6.89309,7.53916,8.14461,
2.28071,3.02215,4.2246,5.16737,5.97725,6.7802,7.48063,8.03406,
2.40107,3.12673,4.24063,5.26337,6.10607,6.89518,7.55159,8.0214,
3.08605,3.14557,4.32478,5.34893,6.24606,7.00596,7.67022,8.22043,
2.31095,3.07024,4.21893,5.23045,6.12051,6.88155,7.5429,8.1704,
1.54153,2.81947,3.90672,4.87937,5.68546,6.44917,7.06979,7.58443,
3.00656,3.16845,4.31649,5.35136,6.19204,6.9233,7.56122,8.21736,
1.45391,2.70361,3.69543,4.61065,5.41491,6.13567,6.69093,7.29229,
3.38588,3.31071,4.36442,5.32707,6.19235,6.92591,7.55309,8.10947,
4.58181,3.59431,4.37286,5.45417,6.28297,6.97583,7.54004,8.11879,
1.50303,2.76369,3.82269,4.75975,5.56939,6.24352,6.80488,7.37228,
2.1632,3.04388,4.20403,5.20628,6.03902,6.64183,7.28681,7.84713,
2.93997,3.08815,4.28123,5.20873,6.09037,6.74788,7.41628,8.01851,
5.47306,4.92895,4.67589,5.75596,6.62128,7.44719,8.15284,8.77501,
1.51608,2.7546,3.86643,4.77331,5.55613,6.2828,6.95974,7.49462,
3.91962,4.77409,5.16465,5.81879,6.76809,7.54087,8.17771,8.78904,
1.9579,3.01265,4.15182,5.1001,5.91458,6.66086,7.29756,7.88612,
2.42127,3.10995,4.28595,5.31751,6.1368,6.92641,7.58955,8.22984,
2.94767,3.2261,4.39802,5.4021,6.22128,7.00993,7.64092,8.16876,
3.47094,3.75255,4.48927,5.54569,6.44149,7.2018,7.80494,8.36291,
2.43977,3.0586,4.19758,5.18819,6.07935,6.74703,7.37372,8.04582,8.61983,
3.48553,3.71937,4.49643,5.55459,6.4607,7.20737,7.91782,8.55889,9.06555,
4.55412,3.86661,4.45317,5.5137,6.40037,7.14149,7.87412,8.43618,8.92796,
3.33948,3.45737,4.34606,5.31185,6.18721,6.93454,7.60737,8.21652,8.78453,
1.53595,2.83625,3.9685,4.87693,5.62052,6.3904,7.03073,7.6346,8.15001,
1.4072,2.58023,3.5991,4.4998,5.28139,6.02505,6.63107,7.20887,7.70937,
2.32907,3.10934,4.24616,5.23937,6.06658,6.838,7.50306,8.07115,8.54521,
1.56355,2.86969,3.97113,4.93949,5.76999,6.45288,7.13185,7.65779,8.14804,
1.4858,2.75088,3.83908,4.77883,5.57639,6.3106,6.96617,7.4747,8.06569,
4.84814,4.28616,4.55716,5.58774,6.50607,7.24941,7.90284,8.5022,9.01019,
2.41882,3.14312,4.32887,5.29688,6.16729,6.89309,7.53916,8.14461,8.66327,
2.28071,3.02215,4.2246,5.16737,5.97725,6.7802,7.48063,8.03406,8.57903,
2.40107,3.12673,4.24063,5.26337,6.10607,6.89518,7.55159,8.0214,8.59063,
3.08605,3.14557,4.32478,5.34893,6.24606,7.00596,7.67022,8.22043,8.78148,
2.31095,3.07024,4.21893,5.23045,6.12051,6.88155,7.5429,8.1704,8.70096,
1.54153,2.81947,3.90672,4.87937,5.68546,6.44917,7.06979,7.58443,8.03568,
3.00656,3.16845,4.31649,5.35136,6.19204,6.9233,7.56122,8.21736,8.74006,
1.45391,2.70361,3.69543,4.61065,5.41491,6.13567,6.69093,7.29229,7.80962,
3.38588,3.31071,4.36442,5.32707,6.19235,6.92591,7.55309,8.10947,8.58801,
4.58181,3.59431,4.37286,5.45417,6.28297,6.97583,7.54004,8.11879,8.61817,
1.50303,2.76369,3.82269,4.75975,5.56939,6.24352,6.80488,7.37228,7.86358,
2.1632,3.04388,4.20403,5.20628,6.03902,6.64183,7.28681,7.84713,8.38657,
2.93997,3.08815,4.28123,5.20873,6.09037,6.74788,7.41628,8.01851,8.51982,
5.47306,4.92895,4.67589,5.75596,6.62128,7.44719,8.15284,8.77501,9.20783,
1.51608,2.7546,3.86643,4.77331,5.55613,6.2828,6.95974,7.49462,7.98701,
3.91962,4.77409,5.16465,5.81879,6.76809,7.54087,8.17771,8.78904,9.31785,
1.9579,3.01265,4.15182,5.1001,5.91458,6.66086,7.29756,7.88612,8.44509,
2.42127,3.10995,4.28595,5.31751,6.1368,6.92641,7.58955,8.22984,8.79439,
2.94767,3.2261,4.39802,5.4021,6.22128,7.00993,7.64092,8.16876,8.59526,
3.47094,3.75255,4.48927,5.54569,6.44149,7.2018,7.80494,8.36291,8.92895,
2.43977,3.0586,4.19758,5.18819,6.07935,6.74703,7.37372,8.04582,8.61983,
3.48553,3.71937,4.49643,5.55459,6.4607,7.20737,7.91782,8.55889,9.06555,
4.55412,3.86661,4.45317,5.5137,6.40037,7.14149,7.87412,8.43618,8.92796,
3.33948,3.45737,4.34606,5.31185,6.18721,6.93454,7.60737,8.21652,8.78453,
1.53595,2.83625,3.9685,4.87693,5.62052,6.3904,7.03073,7.6346,8.15001,
1.4072,2.58023,3.5991,4.4998,5.28139,6.02505,6.63107,7.20887,7.70937,
2.32907,3.10934,4.24616,5.23937,6.06658,6.838,7.50306,8.07115,8.54521,
1.56355,2.86969,3.97113,4.93949,5.76999,6.45288,7.13185,7.65779,8.14804,
1.4858,2.75088,3.83908,4.77883,5.57639,6.3106,6.96617,7.4747,8.06569,
4.84814,4.28616,4.55716,5.58774,6.50607,7.24941,7.90284,8.5022,9.01019,
2.41882,3.14312,4.32887,5.29688,6.16729,6.89309,7.53916,8.14461,8.66327,
2.28071,3.02215,4.2246,5.16737,5.97725,6.7802,7.48063,8.03406,8.57903,
2.40107,3.12673,4.24063,5.26337,6.10607,6.89518,7.55159,8.0214,8.59063,
3.08605,3.14557,4.32478,5.34893,6.24606,7.00596,7.67022,8.22043,8.78148,
2.31095,3.07024,4.21893,5.23045,6.12051,6.88155,7.5429,8.1704,8.70096,
1.54153,2.81947,3.90672,4.87937,5.68546,6.44917,7.06979,7.58443,8.03568,
3.00656,3.16845,4.31649,5.35136,6.19204,6.9233,7.56122,8.21736,8.74006,
1.45391,2.70361,3.69543,4.61065,5.41491,6.13567,6.69093,7.29229,7.80962,
3.38588,3.31071,4.36442,5.32707,6.19235,6.92591,7.55309,8.10947,8.58801,
4.58181,3.59431,4.37286,5.45417,6.28297,6.97583,7.54004,8.11879,8.61817,
1.50303,2.76369,3.82269,4.75975,5.56939,6.24352,6.80488,7.37228,7.86358,
2.1632,3.04388,4.20403,5.20628,6.03902,6.64183,7.28681,7.84713,8.38657,
2.93997,3.08815,4.28123,5.20873,6.09037,6.74788,7.41628,8.01851,8.51982,
5.47306,4.92895,4.67589,5.75596,6.62128,7.44719,8.15284,8.77501,9.20783,
1.51608,2.7546,3.86643,4.77331,5.55613,6.2828,6.95974,7.49462,7.98701,
3.91962,4.77409,5.16465,5.81879,6.76809,7.54087,8.17771,8.78904,9.31785,
1.9579,3.01265,4.15182,5.1001,5.91458,6.66086,7.29756,7.88612,8.44509,
2.42127,3.10995,4.28595,5.31751,6.1368,6.92641,7.58955,8.22984,8.79439,
2.94767,3.2261,4.39802,5.4021,6.22128,7.00993,7.64092,8.16876,8.59526,
3.47094,3.75255,4.48927,5.54569,6.44149,7.2018,7.80494,8.36291,8.92895,
2.43977,3.0586,4.19758,5.18819,6.07935,6.74703,7.37372,8.04582,8.61983,9.11822,
3.48553,3.71937,4.49643,5.55459,6.4607,7.20737,7.91782,8.55889,9.06555,9.46922,
4.55412,3.86661,4.45317,5.5137,6.40037,7.14149,7.87412,8.43618,8.92796,9.43334,
3.33948,3.45737,4.34606,5.31185,6.18721,6.93454,7.60737,8.21652,8.78453,9.19351,
1.53595,2.83625,3.9685,4.87693,5.62052,6.3904,7.03073,7.6346,8.15001,8.60477,
1.4072,2.58023,3.5991,4.4998,5.28139,6.02505,6.63107,7.20887,7.70937,8.13053,
2.32907,3.10934,4.24616,5.23937,6.06658,6.838,7.50306,8.07115,8.54521,8.89616,
1.56355,2.86969,3.97113,4.93949,5.76999,6.45288,7.13185,7.65779,8.14804,8.61578,
1.4858,2.75088,3.83908,4.77883,5.57639,6.3106,6.96617,7.4747,8.06569,8.45126,
4.84814,4.28616,4.55716,5.58774,6.50607,7.24941,7.90284,8.5022,9.01019,9.50255,
2.41882,3.14312,4.32887,5.29688,6.16729,6.89309,7.53916,8.14461,8.66327,9.15895,
2.28071,3.02215,4.2246,5.16737,5.97725,6.7802,7.48063,8.03406,8.57903,9.04522,
2.40107,3.12673,4.24063,5.26337,6.10607,6.89518,7.55159,8.0214,8.59063,9.04119,
3.08605,3.14557,4.32478,5.34893,6.24606,7.00596,7.67022,8.22043,8.78148,9.2825,
2.31095,3.07024,4.21893,5.23045,6.12051,6.88155,7.5429,8.1704,8.70096,9.21662,
1.54153,2.81947,3.90672,4.87937,5.68546,6.44917,7.06979,7.58443,8.03568,8.46009,
3.00656,3.16845,4.31649,5.35136,6.19204,6.9233,7.56122,8.21736,8.74006,9.16053,
1.45391,2.70361,3.69543,4.61065,5.41491,6.13567,6.69093,7.29229,7.80962,8.26429,
3.38588,3.31071,4.36442,5.32707,6.19235,6.92591,7.55309,8.10947,8.58801,9.03816,
4.58181,3.59431,4.37286,5.45417,6.28297,6.97583,7.54004,8.11879,8.61817,9.08452,
1.50303,2.76369,3.82269,4.75975,5.56939,6.24352,6.80488,7.37228,7.86358,8.29208,
2.1632,3.04388,4.20403,5.20628,6.03902,6.64183,7.28681,7.84713,8.38657,8.88636,
2.93997,3.08815,4.28123,5.20873,6.09037,6.74788,7.41628,8.01851,8.51982,8.98446,
5.47306,4.92895,4.67589,5.75596,6.62128,7.44719,8.15284,8.77501,9.20783,9.72773,
1.51608,2.7546,3.86643,4.77331,5.55613,6.2828,6.95974,7.49462,7.98701,8.39411,
3.91962,4.77409,5.16465,5.81879,6.76809,7.54087,8.17771,8.78904,9.31785,9.77788,
1.9579,3.01265,4.15182,5.1001,5.91458,6.66086,7.29756,7.88612,8.44509,8.82693,
2.42127,3.10995,4.28595,5.31751,6.1368,6.92641,7.58955,8.22984,8.79439,9.26169,
2.94767,3.2261,4.39802,5.4021,6.22128,7.00993,7.64092,8.16876,8.59526,9.08786,
3.47094,3.75255,4.48927,5.54569,6.44149,7.2018,7.80494,8.36291,8.92895,9.32077,
2.43977,3.0586,4.19758,5.18819,6.07935,6.74703,7.37372,8.04582,8.61983,9.11822,
3.48553,3.71937,4.49643,5.55459,6.4607,7.20737,7.91782,8.55889,9.06555,9.46922,
4.55412,3.86661,4.45317,5.5137,6.40037,7.14149,7.87412,8.43618,8.92796,9.43334,
3.33948,3.45737,4.34606,5.31185,6.18721,6.93454,7.60737,8.21652,8.78453,9.19351,
1.53595,2.83625,3.9685,4.87693,5.62052,6.3904,7.03073,7.6346,8.15001,8.60477,
1.4072,2.58023,3.5991,4.4998,5.28139,6.02505,6.63107,7.20887,7.70937,8.13053,
2.32907,3.10934,4.24616,5.23937,6.06658,6.838,7.50306,8.07115,8.54521,8.89616,
1.56355,2.86969,3.97113,4.93949,5.76999,6.45288,7.13185,7.65779,8.14804,8.61578,
1.4858,2.75088,3.83908,4.77883,5.57639,6.3106,6.96617,7.4747,8.06569,8.45126,
4.84814,4.28616,4.55716,5.58774,6.50607,7.24941,7.90284,8.5022,9.01019,9.50255,
2.41882,3.14312,4.32887,5.29688,6.16729,6.89309,7.53916,8.14461,8.66327,9.15895,
2.28071,3.02215,4.2246,5.16737,5.97725,6.7802,7.48063,8.03406,8.57903,9.04522,
2.40107,3.12673,4.24063,5.26337,6.10607,6.89518,7.55159,8.0214,8.59063,9.04119,
3.08605,3.14557,4.32478,5.34893,6.24606,7.00596,7.67022,8.22043,8.78148,9.2825,
2.31095,3.07024,4.21893,5.23045,6.12051,6.88155,7.5429,8.1704,8.70096,9.21662,
1.54153,2.81947,3.90672,4.87937,5.68546,6.44917,7.06979,7.58443,8.03568,8.46009,
3.00656,3.16845,4.31649,5.35136,6.19204,6.9233,7.56122,8.21736,8.74006,9.16053,
1.45391,2.70361,3.69543,4.61065,5.41491,6.13567,6.69093,7.29229,7.80962,8.26429,
3.38588,3.31071,4.36442,5.32707,6.19235,6.92591,7.55309,8.10947,8.58801,9.03816,
4.58181,3.59431,4.37286,5.45417,6.28297,6.97583,7.54004,8.11879,8.61817,9.08452,
1.50303,2.76369,3.82269,4.75975,5.56939,6.24352,6.80488,7.37228,7.86358,8.29208,
2.1632,3.04388,4.20403,5.20628,6.03902,6.64183,7.28681,7.84713,8.38657,8.88636,
2.93997,3.08815,4.28123,5.20873,6.09037,6.74788,7.41628,8.01851,8.51982,8.98446,
5.47306,4.92895,4.67589,5.75596,6.62128,7.44719,8.15284,8.77501,9.20783,9.72773,
1.51608,2.7546,3.86643,4.77331,5.55613,6.2828,6.95974,7.49462,7.98701,8.39411,
3.91962,4.77409,5.16465,5.81879,6.76809,7.54087,8.17771,8.78904,9.31785,9.77788,
1.9579,3.01265,4.15182,5.1001,5.91458,6.66086,7.29756,7.88612,8.44509,8.82693,
2.42127,3.10995,4.28595,5.31751,6.1368,6.92641,7.58955,8.22984,8.79439,9.26169,
2.94767,3.2261,4.39802,5.4021,6.22128,7.00993,7.64092,8.16876,8.59526,9.08786,
3.47094,3.75255,4.48927,5.54569,6.44149,7.2018,7.80494,8.36291,8.92895,9.32077,
2.43977,3.0586,4.19758,5.18819,6.07935,6.74703,7.37372,8.04582,8.61983,9.11822,9.50879,
3.48553,3.71937,4.49643,5.55459,6.4607,7.20737,7.91782,8.55889,9.06555,9.46922,9.88959,
4.55412,3.86661,4.45317,5.5137,6.40037,7.14149,7.87412,8.43618,8.92796,9.43334,9.85454,
3.33948,3.45737,4.34606,5.31185,6.18721,6.93454,7.60737,8.21652,8.78453,9.19351,9.5651,
1.53595,2.83625,3.9685,4.87693,5.62052,6.3904,7.03073,7.6346,8.15001,8.60477,8.99367,
1.4072,2.58023,3.5991,4.4998,5.28139,6.02505,6.63107,7.20887,7.70937,8.13053,8.52755,
2.32907,3.10934,4.24616,5.23937,6.06658,6.838,7.50306,8.07115,8.54521,8.89616,9.23686,
1.56355,2.86969,3.97113,4.93949,5.76999,6.45288,7.13185,7.65779,8.14804,8.61578,8.9804,
1.4858,2.75088,3.83908,4.77883,5.57639,6.3106,6.96617,7.4747,8.06569,8.45126,8.88543,
4.84814,4.28616,4.55716,5.58774,6.50607,7.24941,7.90284,8.5022,9.01019,9.50255,9.80014,
2.41882,3.14312,4.32887,5.29688,6.16729,6.89309,7.53916,8.14461,8.66327,9.15895,9.47815,
2.28071,3.02215,4.2246,5.16737,5.97725,6.7802,7.48063,8.03406,8.57903,9.04522,9.38075,
2.40107,3.12673,4.24063,5.26337,6.10607,6.89518,7.55159,8.0214,8.59063,9.04119,9.45725,
3.08605,3.14557,4.32478,5.34893,6.24606,7.00596,7.67022,8.22043,8.78148,9.2825,9.78253,
2.31095,3.07024,4.21893,5.23045,6.12051,6.88155,7.5429,8.1704,8.70096,9.21662,9.63006,
1.54153,2.81947,3.90672,4.87937,5.68546,6.44917,7.06979,7.58443,8.03568,8.46009,8.86332,
3.00656,3.16845,4.31649,5.35136,6.19204,6.9233,7.56122,8.21736,8.74006,9.16053,9.5786,
1.45391,2.70361,3.69543,4.61065,5.41491,6.13567,6.69093,7.29229,7.80962,8.26429,8.69188,
3.38588,3.31071,4.36442,5.32707,6.19235,6.92591,7.55309,8.10947,8.58801,9.03816,9.51132,
4.58181,3.59431,4.37286,5.45417,6.28297,6.97583,7.54004,8.11879,8.61817,9.08452,9.50383,
1.50303,2.76369,3.82269,4.75975,5.56939,6.24352,6.80488,7.37228,7.86358,8.29208,8.76715,
2.1632,3.04388,4.20403,5.20628,6.03902,6.64183,7.28681,7.84713,8.38657,8.88636,9.29135,
2.93997,3.08815,4.28123,5.20873,6.09037,6.74788,7.41628,8.01851,8.51982,8.98446,9.39239,
5.47306,4.92895,4.67589,5.75596,6.62128,7.44719,8.15284,8.77501,9.20783,9.72773,10.1086,
1.51608,2.7546,3.86643,4.77331,5.55613,6.2828,6.95974,7.49462,7.98701,8.39411,8.85124,
3.91962,4.77409,5.16465,5.81879,6.76809,7.54087,8.17771,8.78904,9.31785,9.77788,10.2639,
1.9579,3.01265,4.15182,5.1001,5.91458,6.66086,7.29756,7.88612,8.44509,8.82693,9.30889,
2.42127,3.10995,4.28595,5.31751,6.1368,6.92641,7.58955,8.22984,8.79439,9.26169,9.68834,
2.94767,3.2261,4.39802,5.4021,6.22128,7.00993,7.64092,8.16876,8.59526,9.08786,9.42405,
3.47094,3.75255,4.48927,5.54569,6.44149,7.2018,7.80494,8.36291,8.92895,9.32077,9.68762,
2.43977,3.0586,4.19758,5.18819,6.07935,6.74703,7.37372,8.04582,8.61983,9.11822,9.50879,
3.48553,3.71937,4.49643,5.55459,6.4607,7.20737,7.91782,8.55889,9.06555,9.46922,9.88959,
4.55412,3.86661,4.45317,5.5137,6.40037,7.14149,7.87412,8.43618,8.92796,9.43334,9.85454,
3.33948,3.45737,4.34606,5.31185,6.18721,6.93454,7.60737,8.21652,8.78453,9.19351,9.5651,
1.53595,2.83625,3.9685,4.87693,5.62052,6.3904,7.03073,7.6346,8.15001,8.60477,8.99367,
1.4072,2.58023,3.5991,4.4998,5.28139,6.02505,6.63107,7.20887,7.70937,8.13053,8.52755,
2.32907,3.10934,4.24616,5.23937,6.06658,6.838,7.50306,8.07115,8.54521,8.89616,9.23686,
1.56355,2.86969,3.97113,4.93949,5.76999,6.45288,7.13185,7.65779,8.14804,8.61578,8.9804,
1.4858,2.75088,3.83908,4.77883,5.57639,6.3106,6.96617,7.4747,8.06569,8.45126,8.88543,
4.84814,4.28616,4.55716,5.58774,6.50607,7.24941,7.90284,8.5022,9.01019,9.50255,9.80014,
2.41882,3.14312,4.32887,5.29688,6.16729,6.89309,7.53916,8.14461,8.66327,9.15895,9.47815,
2.28071,3.02215,4.2246,5.16737,5.97725,6.7802,7.48063,8.03406,8.57903,9.04522,9.38075,
2.40107,3.12673,4.24063,5.26337,6.10607,6.89518,7.55159,8.0214,8.59063,9.04119,9.45725,
3.08605,3.14557,4.32478,5.34893,6.24606,7.00596,7.67022,8.22043,8.78148,9.2825,9.78253,
2.31095,3.07024,4.21893,5.23045,6.12051,6.88155,7.5429,8.1704,8.70096,9.21662,9.63006,
1.54153,2.81947,3.90672,4.87937,5.68546,6.44917,7.06979,7.58443,8.03568,8.46009,8.86332,
3.00656,3.16845,4.31649,5.35136,6.19204,6.9233,7.56122,8.21736,8.74006,9.16053,9.5786,
1.45391,2.70361,3.69543,4.61065,5.41491,6.13567,6.69093,7.29229,7.80962,8.26429,8.69188,
3.38588,3.31071,4.36442,5.32707,6.19235,6.92591,7.55309,8.10947,8.58801,9.03816,9.51132,
4.58181,3.59431,4.37286,5.45417,6.28297,6.97583,7.54004,8.11879,8.61817,9.08452,9.50383,
1.50303,2.76369,3.82269,4.75975,5.56939,6.24352,6.80488,7.37228,7.86358,8.29208,8.76715,
2.1632,3.04388,4.20403,5.20628,6.03902,6.64183,7.28681,7.84713,8.38657,8.88636,9.29135,
2.93997,3.08815,4.28123,5.20873,6.09037,6.74788,7.41628,8.01851,8.51982,8.98446,9.39239,
5.47306,4.92895,4.67589,5.75596,6.62128,7.44719,8.15284,8.77501,9.20783,9.72773,10.1086,
1.51608,2.7546,3.86643,4.77331,5.55613,6.2828,6.95974,7.49462,7.98701,8.39411,8.85124,
3.91962,4.77409,5.16465,5.81879,6.76809,7.54087,8.17771,8.78904,9.31785,9.77788,10.2639,
1.9579,3.01265,4.15182,5.1001,5.91458,6.66086,7.29756,7.88612,8.44509,8.82693,9.30889,
2.42127,3.10995,4.28595,5.31751,6.1368,6.92641,7.58955,8.22984,8.79439,9.26169,9.68834,
2.94767,3.2261,4.39802,5.4021,6.22128,7.00993,7.64092,8.16876,8.59526,9.08786,9.42405,
3.47094,3.75255,4.48927,5.54569,6.44149,7.2018,7.80494,8.36291,8.92895,9.32077,9.68762,
2.43977,3.0586,4.19758,5.18819,6.07935,6.74703,7.37372,8.04582,8.61983,9.11822,9.50879,9.9315,
3.48553,3.71937,4.49643,5.55459,6.4607,7.20737,7.91782,8.55889,9.06555,9.46922,9.88959,10.2852,
4.55412,3.86661,4.45317,5.5137,6.40037,7.14149,7.87412,8.43618,8.92796,9.43334,9.85454,10.2277,
3.33948,3.45737,4.34606,5.31185,6.18721,6.93454,7.60737,8.21652,8.78453,9.19351,9.5651,9.91342,
1.53595,2.83625,3.9685,4.87693,5.62052,6.3904,7.03073,7.6346,8.15001,8.60477,8.99367,9.33188,
1.4072,2.58023,3.5991,4.4998,5.28139,6.02505,6.63107,7.20887,7.70937,8.13053,8.52755,8.96108,
2.32907,3.10934,4.24616,5.23937,6.06658,6.838,7.50306,8.07115,8.54521,8.89616,9.23686,9.61242,
1.56355,2.86969,3.97113,4.93949,5.76999,6.45288,7.13185,7.65779,8.14804,8.61578,8.9804,9.02626,
1.4858,2.75088,3.83908,4.77883,5.57639,6.3106,6.96617,7.4747,8.06569,8.45126,8.88543,9.27425,
4.84814,4.28616,4.55716,5.58774,6.50607,7.24941,7.90284,8.5022,9.01019,9.50255,9.80014,10.1615,
2.41882,3.14312,4.32887,5.29688,6.16729,6.89309,7.53916,8.14461,8.66327,9.15895,9.47815,9.878,
2.28071,3.02215,4.2246,5.16737,5.97725,6.7802,7.48063,8.03406,8.57903,9.04522,9.38075,9.77132,
2.40107,3.12673,4.24063,5.26337,6.10607,6.89518,7.55159,8.0214,8.59063,9.04119,9.45725,9.84974,
3.08605,3.14557,4.32478,5.34893,6.24606,7.00596,7.67022,8.22043,8.78148,9.2825,9.78253,10.1725,
2.31095,3.07024,4.21893,5.23045,6.12051,6.88155,7.5429,8.1704,8.70096,9.21662,9.63006,10.0309,
1.54153,2.81947,3.90672,4.87937,5.68546,6.44917,7.06979,7.58443,8.03568,8.46009,8.86332,9.23878,
3.00656,3.16845,4.31649,5.35136,6.19204,6.9233,7.56122,8.21736,8.74006,9.16053,9.5786,9.98402,
1.45391,2.70361,3.69543,4.61065,5.41491,6.13567,6.69093,7.29229,7.80962,8.26429,8.69188,9.10307,
3.38588,3.31071,4.36442,5.32707,6.19235,6.92591,7.55309,8.10947,8.58801,9.03816,9.51132,9.89327,
4.58181,3.59431,4.37286,5.45417,6.28297,6.97583,7.54004,8.11879,8.61817,9.08452,9.50383,9.93185,
1.50303,2.76369,3.82269,4.75975,5.56939,6.24352,6.80488,7.37228,7.86358,8.29208,8.76715,9.16054,
2.1632,3.04388,4.20403,5.20628,6.03902,6.64183,7.28681,7.84713,8.38657,8.88636,9.29135,9.70619,
2.93997,3.08815,4.28123,5.20873,6.09037,6.74788,7.41628,8.01851,8.51982,8.98446,9.39239,9.76406,
5.47306,4.92895,4.67589,5.75596,6.62128,7.44719,8.15284,8.77501,9.20783,9.72773,10.1086,10.497,
1.51608,2.7546,3.86643,4.77331,5.55613,6.2828,6.95974,7.49462,7.98701,8.39411,8.85124,9.2199,
3.91962,4.77409,5.16465,5.81879,6.76809,7.54087,8.17771,8.78904,9.31785,9.77788,10.2639,10.5739,
1.9579,3.01265,4.15182,5.1001,5.91458,6.66086,7.29756,7.88612,8.44509,8.82693,9.30889,9.72696,
2.42127,3.10995,4.28595,5.31751,6.1368,6.92641,7.58955,8.22984,8.79439,9.26169,9.68834,9.98707,
2.94767,3.2261,4.39802,5.4021,6.22128,7.00993,7.64092,8.16876,8.59526,9.08786,9.42405,9.76724,
3.47094,3.75255,4.48927,5.54569,6.44149,7.2018,7.80494,8.36291,8.92895,9.32077,9.68762,10.1362,
2.43977,3.0586,4.19758,5.18819,6.07935,6.74703,7.37372,8.04582,8.61983,9.11822,9.50879,9.9315,
3.48553,3.71937,4.49643,5.55459,6.4607,7.20737,7.91782,8.55889,9.06555,9.46922,9.88959,10.2852,
4.55412,3.86661,4.45317,5.5137,6.40037,7.14149,7.87412,8.43618,8.92796,9.43334,9.85454,10.2277,
3.33948,3.45737,4.34606,5.31185,6.18721,6.93454,7.60737,8.21652,8.78453,9.19351,9.5651,9.91342,
1.53595,2.83625,3.9685,4.87693,5.62052,6.3904,7.03073,7.6346,8.15001,8.60477,8.99367,9.33188,
1.4072,2.58023,3.5991,4.4998,5.28139,6.02505,6.63107,7.20887,7.70937,8.13053,8.52755,8.96108,
2.32907,3.10934,4.24616,5.23937,6.06658,6.838,7.50306,8.07115,8.54521,8.89616,9.23686,9.61242,
1.56355,2.86969,3.97113,4.93949,5.76999,6.45288,7.13185,7.65779,8.14804,8.61578,8.9804,9.02626,
1.4858,2.75088,3.83908,4.77883,5.57639,6.3106,6.96617,7.4747,8.06569,8.45126,8.88543,9.27425,
4.84814,4.28616,4.55716,5.58774,6.50607,7.24941,7.90284,8.5022,9.01019,9.50255,9.80014,10.1615,
2.41882,3.14312,4.32887,5.29688,6.16729,6.89309,7.53916,8.14461,8.66327,9.15895,9.47815,9.878,
2.28071,3.02215,4.2246,5.16737,5.97725,6.7802,7.48063,8.03406,8.57903,9.04522,9.38075,9.77132,
2.40107,3.12673,4.24063,5.26337,6.10607,6.89518,7.55159,8.0214,8.59063,9.04119,9.45725,9.84974,
3.08605,3.14557,4.32478,5.34893,6.24606,7.00596,7.67022,8.22043,8.78148,9.2825,9.78253,10.1725,
2.31095,3.07024,4.21893,5.23045,6.12051,6.88155,7.5429,8.1704,8.70096,9.21662,9.63006,10.0309,
1.54153,2.81947,3.90672,4.87937,5.68546,6.44917,7.06979,7.58443,8.03568,8.46009,8.86332,9.23878,
3.00656,3.16845,4.31649,5.35136,6.19204,6.9233,7.56122,8.21736,8.74006,9.16053,9.5786,9.98402,
1.45391,2.70361,3.69543,4.61065,5.41491,6.13567,6.69093,7.29229,7.80962,8.26429,8.69188,9.10307,
3.38588,3.31071,4.36442,5.32707,6.19235,6.92591,7.55309,8.10947,8.58801,9.03816,9.51132,9.89327,
4.58181,3.59431,4.37286,5.45417,6.28297,6.97583,7.54004,8.11879,8.61817,9.08452,9.50383,9.93185,
1.50303,2.76369,3.82269,4.75975,5.56939,6.24352,6.80488,7.37228,7.86358,8.29208,8.76715,9.16054,
2.1632,3.04388,4.20403,5.20628,6.03902,6.64183,7.28681,7.84713,8.38657,8.88636,9.29135,9.70619,
2.93997,3.08815,4.28123,5.20873,6.09037,6.74788,7.41628,8.01851,8.51982,8.98446,9.39239,9.76406,
5.47306,4.92895,4.67589,5.75596,6.62128,7.44719,8.15284,8.77501,9.20783,9.72773,10.1086,10.497,
1.51608,2.7546,3.86643,4.77331,5.55613,6.2828,6.95974,7.49462,7.98701,8.39411,8.85124,9.2199,
3.91962,4.77409,5.16465,5.81879,6.76809,7.54087,8.17771,8.78904,9.31785,9.77788,10.2639,10.5739,
1.9579,3.01265,4.15182,5.1001,5.91458,6.66086,7.29756,7.88612,8.44509,8.82693,9.30889,9.72696,
2.42127,3.10995,4.28595,5.31751,6.1368,6.92641,7.58955,8.22984,8.79439,9.26169,9.68834,9.98707,
2.94767,3.2261,4.39802,5.4021,6.22128,7.00993,7.64092,8.16876,8.59526,9.08786,9.42405,9.76724,
3.47094,3.75255,4.48927,5.54569,6.44149,7.2018,7.80494,8.36291,8.92895,9.32077,9.68762,10.1362,
2.43977,3.0586,4.19758,5.18819,6.07935,6.74703,7.37372,8.04582,8.61983,9.11822,9.50879,9.9315,10.3217,
3.48553,3.71937,4.49643,5.55459,6.4607,7.20737,7.91782,8.55889,9.06555,9.46922,9.88959,10.2852,10.6201,
4.55412,3.86661,4.45317,5.5137,6.40037,7.14149,7.87412,8.43618,8.92796,9.43334,9.85454,10.2277,10.6348,
3.33948,3.45737,4.34606,5.31185,6.18721,6.93454,7.60737,8.21652,8.78453,9.19351,9.5651,9.91342,10.3276,
1.53595,2.83625,3.9685,4.87693,5.62052,6.3904,7.03073,7.6346,8.15001,8.60477,8.99367,9.33188,9.65705,
1.4072,2.58023,3.5991,4.4998,5.28139,6.02505,6.63107,7.20887,7.70937,8.13053,8.52755,8.96108,9.32018,
2.32907,3.10934,4.24616,5.23937,6.06658,6.838,7.50306,8.07115,8.54521,8.89616,9.23686,9.61242,9.94686,
1.56355,2.86969,3.97113,4.93949,5.76999,6.45288,7.13185,7.65779,8.14804,8.61578,8.9804,9.02626,8.06601,
1.4858,2.75088,3.83908,4.77883,5.57639,6.3106,6.96617,7.4747,8.06569,8.45126,8.88543,9.27425,9.58614,
4.84814,4.28616,4.55716,5.58774,6.50607,7.24941,7.90284,8.5022,9.01019,9.50255,9.80014,10.1615,10.5088,
2.41882,3.14312,4.32887,5.29688,6.16729,6.89309,7.53916,8.14461,8.66327,9.15895,9.47815,9.878,10.2122,
2.28071,3.02215,4.2246,5.16737,5.97725,6.7802,7.48063,8.03406,8.57903,9.04522,9.38075,9.77132,10.1407,
2.40107,3.12673,4.24063,5.26337,6.10607,6.89518,7.55159,8.0214,8.59063,9.04119,9.45725,9.84974,10.2181,
3.08605,3.14557,4.32478,5.34893,6.24606,7.00596,7.67022,8.22043,8.78148,9.2825,9.78253,10.1725,10.5214,
2.31095,3.07024,4.21893,5.23045,6.12051,6.88155,7.5429,8.1704,8.70096,9.21662,9.63006,10.0309,10.3831,
1.54153,2.81947,3.90672,4.87937,5.68546,6.44917,7.06979,7.58443,8.03568,8.46009,8.86332,9.23878,9.58509,
3.00656,3.16845,4.31649,5.35136,6.19204,6.9233,7.56122,8.21736,8.74006,9.16053,9.5786,9.98402,10.2881,
1.45391,2.70361,3.69543,4.61065,5.41491,6.13567,6.69093,7.29229,7.80962,8.26429,8.69188,9.10307,9.42799,
3.38588,3.31071,4.36442,5.32707,6.19235,6.92591,7.55309,8.10947,8.58801,9.03816,9.51132,9.89327,10.2388,
4.58181,3.59431,4.37286,5.45417,6.28297,6.97583,7.54004,8.11879,8.61817,9.08452,9.50383,9.93185,10.2536,
1.50303,2.76369,3.82269,4.75975,5.56939,6.24352,6.80488,7.37228,7.86358,8.29208,8.76715,9.16054,9.49878,
2.1632,3.04388,4.20403,5.20628,6.03902,6.64183,7.28681,7.84713,8.38657,8.88636,9.29135,9.70619,9.9869,
2.93997,3.08815,4.28123,5.20873,6.09037,6.74788,7.41628,8.01851,8.51982,8.98446,9.39239,9.76406,10.1683,
5.47306,4.92895,4.67589,5.75596,6.62128,7.44719,8.15284,8.77501,9.20783,9.72773,10.1086,10.497,10.8308,
1.51608,2.7546,3.86643,4.77331,5.55613,6.2828,6.95974,7.49462,7.98701,8.39411,8.85124,9.2199,9.60823,
3.91962,4.77409,5.16465,5.81879,6.76809,7.54087,8.17771,8.78904,9.31785,9.77788,10.2639,10.5739,10.945,
1.9579,3.01265,4.15182,5.1001,5.91458,6.66086,7.29756,7.88612,8.44509,8.82693,9.30889,9.72696,9.71414,
2.42127,3.10995,4.28595,5.31751,6.1368,6.92641,7.58955,8.22984,8.79439,9.26169,9.68834,9.98707,10.4064,
2.94767,3.2261,4.39802,5.4021,6.22128,7.00993,7.64092,8.16876,8.59526,9.08786,9.42405,9.76724,10.139,
3.47094,3.75255,4.48927,5.54569,6.44149,7.2018,7.80494,8.36291,8.92895,9.32077,9.68762,10.1362,10.4259,
2.43977,3.0586,4.19758,5.18819,6.07935,6.74703,7.37372,8.04582,8.61983,9.11822,9.50879,9.9315,10.3217,
3.48553,3.71937,4.49643,5.55459,6.4607,7.20737,7.91782,8.55889,9.06555,9.46922,9.88959,10.2852,10.6201,
4.55412,3.86661,4.45317,5.5137,6.40037,7.14149,7.87412,8.43618,8.92796,9.43334,9.85454,10.2277,10.6348,
3.33948,3.45737,4.34606,5.31185,6.18721,6.93454,7.60737,8.21652,8.78453,9.19351,9.5651,9.91342,10.3276,
1.53595,2.83625,3.9685,4.87693,5.62052,6.3904,7.03073,7.6346,8.15001,8.60477,8.99367,9.33188,9.65705,
1.4072,2.58023,3.5991,4.4998,5.28139,6.02505,6.63107,7.20887,7.70937,8.13053,8.52755,8.96108,9.32018,
2.32907,3.10934,4.24616,5.23937,6.06658,6.838,7.50306,8.07115,8.54521,8.89616,9.23686,9.61242,9.94686,
1.56355,2.86969,3.97113,4.93949,5.76999,6.45288,7.13185,7.65779,8.14804,8.61578,8.9804,9.02626,8.06601,
1.4858,2.75088,3.83908,4.77883,5.57639,6.3106,6.96617,7.4747,8.06569,8.45126,8.88543,9.27425,9.58614,
4.84814,4.28616,4.55716,5.58774,6.50607,7.24941,7.90284,8.5022,9.01019,9.50255,9.80014,10.1615,10.5088,
2.41882,3.14312,4.32887,5.29688,6.16729,6.89309,7.53916,8.14461,8.66327,9.15895,9.47815,9.878,10.2122,
2.28071,3.02215,4.2246,5.16737,5.97725,6.7802,7.48063,8.03406,8.57903,9.04522,9.38075,9.77132,10.1407,
2.40107,3.12673,4.24063,5.26337,6.10607,6.89518,7.55159,8.0214,8.59063,9.04119,9.45725,9.84974,10.2181,
3.08605,3.14557,4.32478,5.34893,6.24606,7.00596,7.67022,8.22043,8.78148,9.2825,9.78253,10.1725,10.5214,
2.31095,3.07024,4.21893,5.23045,6.12051,6.88155,7.5429,8.1704,8.70096,9.21662,9.63006,10.0309,10.3831,
1.54153,2.81947,3.90672,4.87937,5.68546,6.44917,7.06979,7.58443,8.03568,8.46009,8.86332,9.23878,9.58509,
3.00656,3.16845,4.31649,5.35136,6.19204,6.9233,7.56122,8.21736,8.74006,9.16053,9.5786,9.98402,10.2881,
1.45391,2.70361,3.69543,4.61065,5.41491,6.13567,6.69093,7.29229,7.80962,8.26429,8.69188,9.10307,9.42799,
3.38588,3.31071,4.36442,5.32707,6.19235,6.92591,7.55309,8.10947,8.58801,9.03816,9.51132,9.89327,10.2388,
4.58181,3.59431,4.37286,5.45417,6.28297,6.97583,7.54004,8.11879,8.61817,9.08452,9.50383,9.93185,10.2536,
1.50303,2.76369,3.82269,4.75975,5.56939,6.24352,6.80488,7.37228,7.86358,8.29208,8.76715,9.16054,9.49878,
2.1632,3.04388,4.20403,5.20628,6.03902,6.64183,7.28681,7.84713,8.38657,8.88636,9.29135,9.70619,9.9869,
2.93997,3.08815,4.28123,5.20873,6.09037,6.74788,7.41628,8.01851,8.51982,8.98446,9.39239,9.76406,10.1683,
5.47306,4.92895,4.67589,5.75596,6.62128,7.44719,8.15284,8.77501,9.20783,9.72773,10.1086,10.497,10.8308,
1.51608,2.7546,3.86643,4.77331,5.55613,6.2828,6.95974,7.49462,7.98701,8.39411,8.85124,9.2199,9.60823,
3.91962,4.77409,5.16465,5.81879,6.76809,7.54087,8.17771,8.78904,9.31785,9.77788,10.2639,10.5739,10.945,
1.9579,3.01265,4.15182,5.1001,5.91458,6.66086,7.29756,7.88612,8.44509,8.82693,9.30889,9.72696,9.71414,
2.42127,3.10995,4.28595,5.31751,6.1368,6.92641,7.58955,8.22984,8.79439,9.26169,9.68834,9.98707,10.4064,
2.94767,3.2261,4.39802,5.4021,6.22128,7.00993,7.64092,8.16876,8.59526,9.08786,9.42405,9.76724,10.139,
3.47094,3.75255,4.48927,5.54569,6.44149,7.2018,7.80494,8.36291,8.92895,9.32077,9.68762,10.1362,10.4259,
2.43977,3.0586,4.19758,5.18819,6.07935,6.74703,7.37372,8.04582,8.61983,9.11822,9.50879,9.9315,10.3217,10.6091,
3.48553,3.71937,4.49643,5.55459,6.4607,7.20737,7.91782,8.55889,9.06555,9.46922,9.88959,10.2852,10.6201,10.8891,
4.55412,3.86661,4.45317,5.5137,6.40037,7.14149,7.87412,8.43618,8.92796,9.43334,9.85454,10.2277,10.6348,10.8835,
3.33948,3.45737,4.34606,5.31185,6.18721,6.93454,7.60737,8.21652,8.78453,9.19351,9.5651,9.91342,10.3276,10.6412,
1.53595,2.83625,3.9685,4.87693,5.62052,6.3904,7.03073,7.6346,8.15001,8.60477,8.99367,9.33188,9.65705,9.95588,
1.4072,2.58023,3.5991,4.4998,5.28139,6.02505,6.63107,7.20887,7.70937,8.13053,8.52755,8.96108,9.32018,9.6652,
2.32907,3.10934,4.24616,5.23937,6.06658,6.838,7.50306,8.07115,8.54521,8.89616,9.23686,9.61242,9.94686,10.1856,
1.56355,2.86969,3.97113,4.93949,5.76999,6.45288,7.13185,7.65779,8.14804,8.61578,8.9804,9.02626,8.06601,7.55812,
1.4858,2.75088,3.83908,4.77883,5.57639,6.3106,6.96617,7.4747,8.06569,8.45126,8.88543,9.27425,9.58614,9.94041,
4.84814,4.28616,4.55716,5.58774,6.50607,7.24941,7.90284,8.5022,9.01019,9.50255,9.80014,10.1615,10.5088,10.7846,
2.41882,3.14312,4.32887,5.29688,6.16729,6.89309,7.53916,8.14461,8.66327,9.15895,9.47815,9.878,10.2122,10.5522,
2.28071,3.02215,4.2246,5.16737,5.97725,6.7802,7.48063,8.03406,8.57903,9.04522,9.38075,9.77132,10.1407,10.4332,
2.40107,3.12673,4.24063,5.26337,6.10607,6.89518,7.55159,8.0214,8.59063,9.04119,9.45725,9.84974,10.2181,10.4546,
3.08605,3.14557,4.32478,5.34893,6.24606,7.00596,7.67022,8.22043,8.78148,9.2825,9.78253,10.1725,10.5214,10.8974,
2.31095,3.07024,4.21893,5.23045,6.12051,6.88155,7.5429,8.1704,8.70096,9.21662,9.63006,10.0309,10.3831,10.7094,
1.54153,2.81947,3.90672,4.87937,5.68546,6.44917,7.06979,7.58443,8.03568,8.46009,8.86332,9.23878,9.58509,9.87149,
3.00656,3.16845,4.31649,5.35136,6.19204,6.9233,7.56122,8.21736,8.74006,9.16053,9.5786,9.98402,10.2881,10.6725,
1.45391,2.70361,3.69543,4.61065,5.41491,6.13567,6.69093,7.29229,7.80962,8.26429,8.69188,9.10307,9.42799,9.78977,
3.38588,3.31071,4.36442,5.32707,6.19235,6.92591,7.55309,8.10947,8.58801,9.03816,9.51132,9.89327,10.2388,10.5218,
4.58181,3.59431,4.37286,5.45417,6.28297,6.97583,7.54004,8.11879,8.61817,9.08452,9.50383,9.93185,10.2536,10.5989,
1.50303,2.76369,3.82269,4.75975,5.56939,6.24352,6.80488,7.37228,7.86358,8.29208,8.76715,9.16054,9.49878,9.78506,
2.1632,3.04388,4.20403,5.20628,6.03902,6.64183,7.28681,7.84713,8.38657,8.88636,9.29135,9.70619,9.9869,10.3398,
2.93997,3.08815,4.28123,5.20873,6.09037,6.74788,7.41628,8.01851,8.51982,8.98446,9.39239,9.76406,10.1683,10.5074,
5.47306,4.92895,4.67589,5.75596,6.62128,7.44719,8.15284,8.77501,9.20783,9.72773,10.1086,10.497,10.8308,11.1514,
1.51608,2.7546,3.86643,4.77331,5.55613,6.2828,6.95974,7.49462,7.98701,8.39411,8.85124,9.2199,9.60823,9.91436,
3.91962,4.77409,5.16465,5.81879,6.76809,7.54087,8.17771,8.78904,9.31785,9.77788,10.2639,10.5739,10.945,11.2007,
1.9579,3.01265,4.15182,5.1001,5.91458,6.66086,7.29756,7.88612,8.44509,8.82693,9.30889,9.72696,9.71414,8.43906,
2.42127,3.10995,4.28595,5.31751,6.1368,6.92641,7.58955,8.22984,8.79439,9.26169,9.68834,9.98707,10.4064,10.7715,
2.94767,3.2261,4.39802,5.4021,6.22128,7.00993,7.64092,8.16876,8.59526,9.08786,9.42405,9.76724,10.139,10.4637,
3.47094,3.75255,4.48927,5.54569,6.44149,7.2018,7.80494,8.36291,8.92895,9.32077,9.68762,10.1362,10.4259,10.739,
2.43977,3.0586,4.19758,5.18819,6.07935,6.74703,7.37372,8.04582,8.61983,9.11822,9.50879,9.9315,10.3217,10.6091,
3.48553,3.71937,4.49643,5.55459,6.4607,7.20737,7.91782,8.55889,9.06555,9.46922,9.88959,10.2852,10.6201,10.8891,
4.55412,3.86661,4.45317,5.5137,6.40037,7.14149,7.87412,8.43618,8.92796,9.43334,9.85454,10.2277,10.6348,10.8835,
3.33948,3.45737,4.34606,5.31185,6.18721,6.93454,7.60737,8.21652,8.78453,9.19351,9.5651,9.91342,10.3276,10.6412,
1.53595,2.83625,3.9685,4.87693,5.62052,6.3904,7.03073,7.6346,8.15001,8.60477,8.99367,9.33188,9.65705,9.95588,
1.4072,2.58023,3.5991,4.4998,5.28139,6.02505,6.63107,7.20887,7.70937,8.13053,8.52755,8.96108,9.32018,9.6652,
2.32907,3.10934,4.24616,5.23937,6.06658,6.838,7.50306,8.07115,8.54521,8.89616,9.23686,9.61242,9.94686,10.1856,
1.56355,2.86969,3.97113,4.93949,5.76999,6.45288,7.13185,7.65779,8.14804,8.61578,8.9804,9.02626,8.06601,7.55812,
1.4858,2.75088,3.83908,4.77883,5.57639,6.3106,6.96617,7.4747,8.06569,8.45126,8.88543,9.27425,9.58614,9.94041,
4.84814,4.28616,4.55716,5.58774,6.50607,7.24941,7.90284,8.5022,9.01019,9.50255,9.80014,10.1615,10.5088,10.7846,
2.41882,3.14312,4.32887,5.29688,6.16729,6.89309,7.53916,8.14461,8.66327,9.15895,9.47815,9.878,10.2122,10.5522,
2.28071,3.02215,4.2246,5.16737,5.97725,6.7802,7.48063,8.03406,8.57903,9.04522,9.38075,9.77132,10.1407,10.4332,
2.40107,3.12673,4.24063,5.26337,6.10607,6.89518,7.55159,8.0214,8.59063,9.04119,9.45725,9.84974,10.2181,10.4546,
3.08605,3.14557,4.32478,5.34893,6.24606,7.00596,7.67022,8.22043,8.78148,9.2825,9.78253,10.1725,10.5214,10.8974,
2.31095,3.07024,4.21893,5.23045,6.12051,6.88155,7.5429,8.1704,8.70096,9.21662,9.63006,10.0309,10.3831,10.7094,
1.54153,2.81947,3.90672,4.87937,5.68546,6.44917,7.06979,7.58443,8.03568,8.46009,8.86332,9.23878,9.58509,9.87149,
3.00656,3.16845,4.31649,5.35136,6.19204,6.9233,7.56122,8.21736,8.74006,9.16053,9.5786,9.98402,10.2881,10.6725,
1.45391,2.70361,3.69543,4.61065,5.41491,6.13567,6.69093,7.29229,7.80962,8.26429,8.69188,9.10307,9.42799,9.78977,
3.38588,3.31071,4.36442,5.32707,6.19235,6.92591,7.55309,8.10947,8.58801,9.03816,9.51132,9.89327,10.2388,10.5218,
4.58181,3.59431,4.37286,5.45417,6.28297,6.97583,7.54004,8.11879,8.61817,9.08452,9.50383,9.93185,10.2536,10.5989,
1.50303,2.76369,3.82269,4.75975,5.56939,6.24352,6.80488,7.37228,7.86358,8.29208,8.76715,9.16054,9.49878,9.78506,
2.1632,3.04388,4.20403,5.20628,6.03902,6.64183,7.28681,7.84713,8.38657,8.88636,9.29135,9.70619,9.9869,10.3398,
2.93997,3.08815,4.28123,5.20873,6.09037,6.74788,7.41628,8.01851,8.51982,8.98446,9.39239,9.76406,10.1683,10.5074,
5.47306,4.92895,4.67589,5.75596,6.62128,7.44719,8.15284,8.77501,9.20783,9.72773,10.1086,10.497,10.8308,11.1514,
1.51608,2.7546,3.86643,4.77331,5.55613,6.2828,6.95974,7.49462,7.98701,8.39411,8.85124,9.2199,9.60823,9.91436,
3.91962,4.77409,5.16465,5.81879,6.76809,7.54087,8.17771,8.78904,9.31785,9.77788,10.2639,10.5739,10.945,11.2007,
1.9579,3.01265,4.15182,5.1001,5.91458,6.66086,7.29756,7.88612,8.44509,8.82693,9.30889,9.72696,9.71414,8.43906,
2.42127,3.10995,4.28595,5.31751,6.1368,6.92641,7.58955,8.22984,8.79439,9.26169,9.68834,9.98707,10.4064,10.7715,
2.94767,3.2261,4.39802,5.4021,6.22128,7.00993,7.64092,8.16876,8.59526,9.08786,9.42405,9.76724,10.139,10.4637,
3.47094,3.75255,4.48927,5.54569,6.44149,7.2018,7.80494,8.36291,8.92895,9.32077,9.68762,10.1362,10.4259,10.739,
2.43977,3.0586,4.19758,5.18819,6.07935,6.74703,7.37372,8.04582,8.61983,9.11822,9.50879,9.9315,10.3217,10.6091,10.8701,
3.48553,3.71937,4.49643,5.55459,6.4607,7.20737,7.91782,8.55889,9.06555,9.46922,9.88959,10.2852,10.6201,10.8891,11.2249,
4.55412,3.86661,4.45317,5.5137,6.40037,7.14149,7.87412,8.43618,8.92796,9.43334,9.85454,10.2277,10.6348,10.8835,11.1285,
3.33948,3.45737,4.34606,5.31185,6.18721,6.93454,7.60737,8.21652,8.78453,9.19351,9.5651,9.91342,10.3276,10.6412,10.8912,
1.53595,2.83625,3.9685,4.87693,5.62052,6.3904,7.03073,7.6346,8.15001,8.60477,8.99367,9.33188,9.65705,9.95588,10.1804,
1.4072,2.58023,3.5991,4.4998,5.28139,6.02505,6.63107,7.20887,7.70937,8.13053,8.52755,8.96108,9.32018,9.6652,10.0436,
2.32907,3.10934,4.24616,5.23937,6.06658,6.838,7.50306,8.07115,8.54521,8.89616,9.23686,9.61242,9.94686,10.1856,10.4037,
1.56355,2.86969,3.97113,4.93949,5.76999,6.45288,7.13185,7.65779,8.14804,8.61578,8.9804,9.02626,8.06601,7.55812,7.23472,
1.4858,2.75088,3.83908,4.77883,5.57639,6.3106,6.96617,7.4747,8.06569,8.45126,8.88543,9.27425,9.58614,9.94041,10.211,
4.84814,4.28616,4.55716,5.58774,6.50607,7.24941,7.90284,8.5022,9.01019,9.50255,9.80014,10.1615,10.5088,10.7846,11.0517,
2.41882,3.14312,4.32887,5.29688,6.16729,6.89309,7.53916,8.14461,8.66327,9.15895,9.47815,9.878,10.2122,10.5522,10.7917,
2.28071,3.02215,4.2246,5.16737,5.97725,6.7802,7.48063,8.03406,8.57903,9.04522,9.38075,9.77132,10.1407,10.4332,10.7225,
2.40107,3.12673,4.24063,5.26337,6.10607,6.89518,7.55159,8.0214,8.59063,9.04119,9.45725,9.84974,10.2181,10.4546,10.7016,
3.08605,3.14557,4.32478,5.34893,6.24606,7.00596,7.67022,8.22043,8.78148,9.2825,9.78253,10.1725,10.5214,10.8974,11.1889,
2.31095,3.07024,4.21893,5.23045,6.12051,6.88155,7.5429,8.1704,8.70096,9.21662,9.63006,10.0309,10.3831,10.7094,11.0385,
1.54153,2.81947,3.90672,4.87937,5.68546,6.44917,7.06979,7.58443,8.03568,8.46009,8.86332,9.23878,9.58509,9.87149,10.2217,
3.00656,3.16845,4.31649,5.35136,6.19204,6.9233,7.56122,8.21736,8.74006,9.16053,9.5786,9.98402,10.2881,10.6725,10.9419,
1.45391,2.70361,3.69543,4.61065,5.41491,6.13567,6.69093,7.29229,7.80962,8.26429,8.69188,9.10307,9.42799,9.78977,10.0409,
3.38588,3.31071,4.36442,5.32707,6.19235,6.92591,7.55309,8.10947,8.58801,9.03816,9.51132,9.89327,10.2388,10.5218,10.815,
4.58181,3.59431,4.37286,5.45417,6.28297,6.97583,7.54004,8.11879,8.61817,9.08452,9.50383,9.93185,10.2536,10.5989,10.9077,
1.50303,2.76369,3.82269,4.75975,5.56939,6.24352,6.80488,7.37228,7.86358,8.29208,8.76715,9.16054,9.49878,9.78506,10.0378,
2.1632,3.04388,4.20403,5.20628,6.03902,6.64183,7.28681,7.84713,8.38657,8.88636,9.29135,9.70619,9.9869,10.3398,10.6302,
2.93997,3.08815,4.28123,5.20873,6.09037,6.74788,7.41628,8.01851,8.51982,8.98446,9.39239,9.76406,10.1683,10.5074,10.797,
5.47306,4.92895,4.67589,5.75596,6.62128,7.44719,8.15284,8.77501,9.20783,9.72773,10.1086,10.497,10.8308,11.1514,11.3831,
1.51608,2.7546,3.86643,4.77331,5.55613,6.2828,6.95974,7.49462,7.98701,8.39411,8.85124,9.2199,9.60823,9.91436,10.2652,
3.91962,4.77409,5.16465,5.81879,6.76809,7.54087,8.17771,8.78904,9.31785,9.77788,10.2639,10.5739,10.945,11.2007,11.4888,
1.9579,3.01265,4.15182,5.1001,5.91458,6.66086,7.29756,7.88612,8.44509,8.82693,9.30889,9.72696,9.71414,8.43906,7.89841,
2.42127,3.10995,4.28595,5.31751,6.1368,6.92641,7.58955,8.22984,8.79439,9.26169,9.68834,9.98707,10.4064,10.7715,10.9826,
2.94767,3.2261,4.39802,5.4021,6.22128,7.00993,7.64092,8.16876,8.59526,9.08786,9.42405,9.76724,10.139,10.4637,10.7621,
3.47094,3.75255,4.48927,5.54569,6.44149,7.2018,7.80494,8.36291,8.92895,9.32077,9.68762,10.1362,10.4259,10.739,10.994,
2.43977,3.0586,4.19758,5.18819,6.07935,6.74703,7.37372,8.04582,8.61983,9.11822,9.50879,9.9315,10.3217,10.6091,10.8701,
3.48553,3.71937,4.49643,5.55459,6.4607,7.20737,7.91782,8.55889,9.06555,9.46922,9.88959,10.2852,10.6201,10.8891,11.2249,
4.55412,3.86661,4.45317,5.5137,6.40037,7.14149,7.87412,8.43618,8.92796,9.43334,9.85454,10.2277,10.6348,10.8835,11.1285,
3.33948,3.45737,4.34606,5.31185,6.18721,6.93454,7.60737,8.21652,8.78453,9.19351,9.5651,9.91342,10.3276,10.6412,10.8912,
1.53595,2.83625,3.9685,4.87693,5.62052,6.3904,7.03073,7.6346,8.15001,8.60477,8.99367,9.33188,9.65705,9.95588,10.1804,
1.4072,2.58023,3.5991,4.4998,5.28139,6.02505,6.63107,7.20887,7.70937,8.13053,8.52755,8.96108,9.32018,9.6652,10.0436,
2.32907,3.10934,4.24616,5.23937,6.06658,6.838,7.50306,8.07115,8.54521,8.89616,9.23686,9.61242,9.94686,10.1856,10.4037,
1.56355,2.86969,3.97113,4.93949,5.76999,6.45288,7.13185,7.65779,8.14804,8.61578,8.9804,9.02626,8.06601,7.55812,7.23472,
1.4858,2.75088,3.83908,4.77883,5.57639,6.3106,6.96617,7.4747,8.06569,8.45126,8.88543,9.27425,9.58614,9.94041,10.211,
4.84814,4.28616,4.55716,5.58774,6.50607,7.24941,7.90284,8.5022,9.01019,9.50255,9.80014,10.1615,10.5088,10.7846,11.0517,
2.41882,3.14312,4.32887,5.29688,6.16729,6.89309,7.53916,8.14461,8.66327,9.15895,9.47815,9.878,10.2122,10.5522,10.7917,
2.28071,3.02215,4.2246,5.16737,5.97725,6.7802,7.48063,8.03406,8.57903,9.04522,9.38075,9.77132,10.1407,10.4332,10.7225,
2.40107,3.12673,4.24063,5.26337,6.10607,6.89518,7.55159,8.0214,8.59063,9.04119,9.45725,9.84974,10.2181,10.4546,10.7016,
3.08605,3.14557,4.32478,5.34893,6.24606,7.00596,7.67022,8.22043,8.78148,9.2825,9.78253,10.1725,10.5214,10.8974,11.1889,
2.31095,3.07024,4.21893,5.23045,6.12051,6.88155,7.5429,8.1704,8.70096,9.21662,9.63006,10.0309,10.3831,10.7094,11.0385,
1.54153,2.81947,3.90672,4.87937,5.68546,6.44917,7.06979,7.58443,8.03568,8.46009,8.86332,9.23878,9.58509,9.87149,10.2217,
3.00656,3.16845,4.31649,5.35136,6.19204,6.9233,7.56122,8.21736,8.74006,9.16053,9.5786,9.98402,10.2881,10.6725,10.9419,
1.45391,2.70361,3.69543,4.61065,5.41491,6.13567,6.69093,7.29229,7.80962,8.26429,8.69188,9.10307,9.42799,9.78977,10.0409,
3.38588,3.31071,4.36442,5.32707,6.19235,6.92591,7.55309,8.10947,8.58801,9.03816,9.51132,9.89327,10.2388,10.5218,10.815,
4.58181,3.59431,4.37286,5.45417,6.28297,6.97583,7.54004,8.11879,8.61817,9.08452,9.50383,9.93185,10.2536,10.5989,10.9077,
1.50303,2.76369,3.82269,4.75975,5.56939,6.24352,6.80488,7.37228,7.86358,8.29208,8.76715,9.16054,9.49878,9.78506,10.0378,
2.1632,3.04388,4.20403,5.20628,6.03902,6.64183,7.28681,7.84713,8.38657,8.88636,9.29135,9.70619,9.9869,10.3398,10.6302,
2.93997,3.08815,4.28123,5.20873,6.09037,6.74788,7.41628,8.01851,8.51982,8.98446,9.39239,9.76406,10.1683,10.5074,10.797,
5.47306,4.92895,4.67589,5.75596,6.62128,7.44719,8.15284,8.77501,9.20783,9.72773,10.1086,10.497,10.8308,11.1514,11.3831,
1.51608,2.7546,3.86643,4.77331,5.55613,6.2828,6.95974,7.49462,7.98701,8.39411,8.85124,9.2199,9.60823,9.91436,10.2652,
3.91962,4.77409,5.16465,5.81879,6.76809,7.54087,8.17771,8.78904,9.31785,9.77788,10.2639,10.5739,10.945,11.2007,11.4888,
1.9579,3.01265,4.15182,5.1001,5.91458,6.66086,7.29756,7.88612,8.44509,8.82693,9.30889,9.72696,9.71414,8.43906,7.89841,
2.42127,3.10995,4.28595,5.31751,6.1368,6.92641,7.58955,8.22984,8.79439,9.26169,9.68834,9.98707,10.4064,10.7715,10.9826,
2.94767,3.2261,4.39802,5.4021,6.22128,7.00993,7.64092,8.16876,8.59526,9.08786,9.42405,9.76724,10.139,10.4637,10.7621,
3.47094,3.75255,4.48927,5.54569,6.44149,7.2018,7.80494,8.36291,8.92895,9.32077,9.68762,10.1362,10.4259,10.739,10.994,
2.43977,3.0586,4.19758,5.18819,6.07935,6.74703,7.37372,8.04582,8.61983,9.11822,9.50879,9.9315,10.3217,10.6091,10.8701,11.1754,
3.48553,3.71937,4.49643,5.55459,6.4607,7.20737,7.91782,8.55889,9.06555,9.46922,9.88959,10.2852,10.6201,10.8891,11.2249,11.5382,
4.55412,3.86661,4.45317,5.5137,6.40037,7.14149,7.87412,8.43618,8.92796,9.43334,9.85454,10.2277,10.6348,10.8835,11.1285,11.3543,
3.33948,3.45737,4.34606,5.31185,6.18721,6.93454,7.60737,8.21652,8.78453,9.19351,9.5651,9.91342,10.3276,10.6412,10.8912,11.158,
1.53595,2.83625,3.9685,4.87693,5.62052,6.3904,7.03073,7.6346,8.15001,8.60477,8.99367,9.33188,9.65705,9.95588,10.1804,10.4129,
1.4072,2.58023,3.5991,4.4998,5.28139,6.02505,6.63107,7.20887,7.70937,8.13053,8.52755,8.96108,9.32018,9.6652,10.0436,10.3197,
2.32907,3.10934,4.24616,5.23937,6.06658,6.838,7.50306,8.07115,8.54521,8.89616,9.23686,9.61242,9.94686,10.1856,10.4037,10.6503,
1.56355,2.86969,3.97113,4.93949,5.76999,6.45288,7.13185,7.65779,8.14804,8.61578,8.9804,9.02626,8.06601,7.55812,7.23472,6.75739,
1.4858,2.75088,3.83908,4.77883,5.57639,6.3106,6.96617,7.4747,8.06569,8.45126,8.88543,9.27425,9.58614,9.94041,10.211,10.4814,
4.84814,4.28616,4.55716,5.58774,6.50607,7.24941,7.90284,8.5022,9.01019,9.50255,9.80014,10.1615,10.5088,10.7846,11.0517,11.3089,
2.41882,3.14312,4.32887,5.29688,6.16729,6.89309,7.53916,8.14461,8.66327,9.15895,9.47815,9.878,10.2122,10.5522,10.7917,11.0973,
2.28071,3.02215,4.2246,5.16737,5.97725,6.7802,7.48063,8.03406,8.57903,9.04522,9.38075,9.77132,10.1407,10.4332,10.7225,11.0227,
2.40107,3.12673,4.24063,5.26337,6.10607,6.89518,7.55159,8.0214,8.59063,9.04119,9.45725,9.84974,10.2181,10.4546,10.7016,10.9862,
3.08605,3.14557,4.32478,5.34893,6.24606,7.00596,7.67022,8.22043,8.78148,9.2825,9.78253,10.1725,10.5214,10.8974,11.1889,11.5065,
2.31095,3.07024,4.21893,5.23045,6.12051,6.88155,7.5429,8.1704,8.70096,9.21662,9.63006,10.0309,10.3831,10.7094,11.0385,11.3484,
1.54153,2.81947,3.90672,4.87937,5.68546,6.44917,7.06979,7.58443,8.03568,8.46009,8.86332,9.23878,9.58509,9.87149,10.2217,10.5546,
3.00656,3.16845,4.31649,5.35136,6.19204,6.9233,7.56122,8.21736,8.74006,9.16053,9.5786,9.98402,10.2881,10.6725,10.9419,11.2685,
1.45391,2.70361,3.69543,4.61065,5.41491,6.13567,6.69093,7.29229,7.80962,8.26429,8.69188,9.10307,9.42799,9.78977,10.0409,10.2874,
3.38588,3.31071,4.36442,5.32707,6.19235,6.92591,7.55309,8.10947,8.58801,9.03816,9.51132,9.89327,10.2388,10.5218,10.815,11.1245,
4.58181,3.59431,4.37286,5.45417,6.28297,6.97583,7.54004,8.11879,8.61817,9.08452,9.50383,9.93185,10.2536,10.5989,10.9077,11.2235,
1.50303,2.76369,3.82269,4.75975,5.56939,6.24352,6.80488,7.37228,7.86358,8.29208,8.76715,9.16054,9.49878,9.78506,10.0378,10.3679,
2.1632,3.04388,4.20403,5.20628,6.03902,6.64183,7.28681,7.84713,8.38657,8.88636,9.29135,9.70619,9.9869,10.3398,10.6302,10.9343,
2.93997,3.08815,4.28123,5.20873,6.09037,6.74788,7.41628,8.01851,8.51982,8.98446,9.39239,9.76406,10.1683,10.5074,10.797,11.1204,
5.47306,4.92895,4.67589,5.75596,6.62128,7.44719,8.15284,8.77501,9.20783,9.72773,10.1086,10.497,10.8308,11.1514,11.3831,11.7073,
1.51608,2.7546,3.86643,4.77331,5.55613,6.2828,6.95974,7.49462,7.98701,8.39411,8.85124,9.2199,9.60823,9.91436,10.2652,10.4943,
3.91962,4.77409,5.16465,5.81879,6.76809,7.54087,8.17771,8.78904,9.31785,9.77788,10.2639,10.5739,10.945,11.2007,11.4888,11.7562,
1.9579,3.01265,4.15182,5.1001,5.91458,6.66086,7.29756,7.88612,8.44509,8.82693,9.30889,9.72696,9.71414,8.43906,7.89841,7.43179,
2.42127,3.10995,4.28595,5.31751,6.1368,6.92641,7.58955,8.22984,8.79439,9.26169,9.68834,9.98707,10.4064,10.7715,10.9826,11.2312,
2.94767,3.2261,4.39802,5.4021,6.22128,7.00993,7.64092,8.16876,8.59526,9.08786,9.42405,9.76724,10.139,10.4637,10.7621,11.0657,
3.47094,3.75255,4.48927,5.54569,6.44149,7.2018,7.80494,8.36291,8.92895,9.32077,9.68762,10.1362,10.4259,10.739,10.994,11.2997,
2.43977,3.0586,4.19758,5.18819,6.07935,6.74703,7.37372,8.04582,8.61983,9.11822,9.50879,9.9315,10.3217,10.6091,10.8701,11.1754,
3.48553,3.71937,4.49643,5.55459,6.4607,7.20737,7.91782,8.55889,9.06555,9.46922,9.88959,10.2852,10.6201,10.8891,11.2249,11.5382,
4.55412,3.86661,4.45317,5.5137,6.40037,7.14149,7.87412,8.43618,8.92796,9.43334,9.85454,10.2277,10.6348,10.8835,11.1285,11.3543,
3.33948,3.45737,4.34606,5.31185,6.18721,6.93454,7.60737,8.21652,8.78453,9.19351,9.5651,9.91342,10.3276,10.6412,10.8912,11.158,
1.53595,2.83625,3.9685,4.87693,5.62052,6.3904,7.03073,7.6346,8.15001,8.60477,8.99367,9.33188,9.65705,9.95588,10.1804,10.4129,
1.4072,2.58023,3.5991,4.4998,5.28139,6.02505,6.63107,7.20887,7.70937,8.13053,8.52755,8.96108,9.32018,9.6652,10.0436,10.3197,
2.32907,3.10934,4.24616,5.23937,6.06658,6.838,7.50306,8.07115,8.54521,8.89616,9.23686,9.61242,9.94686,10.1856,10.4037,10.6503,
1.56355,2.86969,3.97113,4.93949,5.76999,6.45288,7.13185,7.65779,8.14804,8.61578,8.9804,9.02626,8.06601,7.55812,7.23472,6.75739,
1.4858,2.75088,3.83908,4.77883,5.57639,6.3106,6.96617,7.4747,8.06569,8.45126,8.88543,9.27425,9.58614,9.94041,10.211,10.4814,
4.84814,4.28616,4.55716,5.58774,6.50607,7.24941,7.90284,8.5022,9.01019,9.50255,9.80014,10.1615,10.5088,10.7846,11.0517,11.3089,
2.41882,3.14312,4.32887,5.29688,6.16729,6.89309,7.53916,8.14461,8.66327,9.15895,9.47815,9.878,10.2122,10.5522,10.7917,11.0973,
2.28071,3.02215,4.2246,5.16737,5.97725,6.7802,7.48063,8.03406,8.57903,9.04522,9.38075,9.77132,10.1407,10.4332,10.7225,11.0227,
2.40107,3.12673,4.24063,5.26337,6.10607,6.89518,7.55159,8.0214,8.59063,9.04119,9.45725,9.84974,10.2181,10.4546,10.7016,10.9862,
3.08605,3.14557,4.32478,5.34893,6.24606,7.00596,7.67022,8.22043,8.78148,9.2825,9.78253,10.1725,10.5214,10.8974,11.1889,11.5065,
2.31095,3.07024,4.21893,5.23045,6.12051,6.88155,7.5429,8.1704,8.70096,9.21662,9.63006,10.0309,10.3831,10.7094,11.0385,11.3484,
1.54153,2.81947,3.90672,4.87937,5.68546,6.44917,7.06979,7.58443,8.03568,8.46009,8.86332,9.23878,9.58509,9.87149,10.2217,10.5546,
3.00656,3.16845,4.31649,5.35136,6.19204,6.9233,7.56122,8.21736,8.74006,9.16053,9.5786,9.98402,10.2881,10.6725,10.9419,11.2685,
1.45391,2.70361,3.69543,4.61065,5.41491,6.13567,6.69093,7.29229,7.80962,8.26429,8.69188,9.10307,9.42799,9.78977,10.0409,10.2874,
3.38588,3.31071,4.36442,5.32707,6.19235,6.92591,7.55309,8.10947,8.58801,9.03816,9.51132,9.89327,10.2388,10.5218,10.815,11.1245,
4.58181,3.59431,4.37286,5.45417,6.28297,6.97583,7.54004,8.11879,8.61817,9.08452,9.50383,9.93185,10.2536,10.5989,10.9077,11.2235,
1.50303,2.76369,3.82269,4.75975,5.56939,6.24352,6.80488,7.37228,7.86358,8.29208,8.76715,9.16054,9.49878,9.78506,10.0378,10.3679,
2.1632,3.04388,4.20403,5.20628,6.03902,6.64183,7.28681,7.84713,8.38657,8.88636,9.29135,9.70619,9.9869,10.3398,10.6302,10.9343,
2.93997,3.08815,4.28123,5.20873,6.09037,6.74788,7.41628,8.01851,8.51982,8.98446,9.39239,9.76406,10.1683,10.5074,10.797,11.1204,
5.47306,4.92895,4.67589,5.75596,6.62128,7.44719,8.15284,8.77501,9.20783,9.72773,10.1086,10.497,10.8308,11.1514,11.3831,11.7073,
1.51608,2.7546,3.86643,4.77331,5.55613,6.2828,6.95974,7.49462,7.98701,8.39411,8.85124,9.2199,9.60823,9.91436,10.2652,10.4943,
3.91962,4.77409,5.16465,5.81879,6.76809,7.54087,8.17771,8.78904,9.31785,9.77788,10.2639,10.5739,10.945,11.2007,11.4888,11.7562,
1.9579,3.01265,4.15182,5.1001,5.91458,6.66086,7.29756,7.88612,8.44509,8.82693,9.30889,9.72696,9.71414,8.43906,7.89841,7.43179,
2.42127,3.10995,4.28595,5.31751,6.1368,6.92641,7.58955,8.22984,8.79439,9.26169,9.68834,9.98707,10.4064,10.7715,10.9826,11.2312,
2.94767,3.2261,4.39802,5.4021,6.22128,7.00993,7.64092,8.16876,8.59526,9.08786,9.42405,9.76724,10.139,10.4637,10.7621,11.0657,
3.47094,3.75255,4.48927,5.54569,6.44149,7.2018,7.80494,8.36291,8.92895,9.32077,9.68762,10.1362,10.4259,10.739,10.994,11.2997,
2.43977,3.0586,4.19758,5.18819,6.07935,6.74703,7.37372,8.04582,8.61983,9.11822,9.50879,9.9315,10.3217,10.6091,10.8701,11.1754,11.4664,
3.48553,3.71937,4.49643,5.55459,6.4607,7.20737,7.91782,8.55889,9.06555,9.46922,9.88959,10.2852,10.6201,10.8891,11.2249,11.5382,11.7343,
4.55412,3.86661,4.45317,5.5137,6.40037,7.14149,7.87412,8.43618,8.92796,9.43334,9.85454,10.2277,10.6348,10.8835,11.1285,11.3543,11.5799,
3.33948,3.45737,4.34606,5.31185,6.18721,6.93454,7.60737,8.21652,8.78453,9.19351,9.5651,9.91342,10.3276,10.6412,10.8912,11.158,11.3913,
1.53595,2.83625,3.9685,4.87693,5.62052,6.3904,7.03073,7.6346,8.15001,8.60477,8.99367,9.33188,9.65705,9.95588,10.1804,10.4129,10.6967,
1.4072,2.58023,3.5991,4.4998,5.28139,6.02505,6.63107,7.20887,7.70937,8.13053,8.52755,8.96108,9.32018,9.6652,10.0436,10.3197,10.6633,
2.32907,3.10934,4.24616,5.23937,6.06658,6.838,7.50306,8.07115,8.54521,8.89616,9.23686,9.61242,9.94686,10.1856,10.4037,10.6503,10.9088,
1.56355,2.86969,3.97113,4.93949,5.76999,6.45288,7.13185,7.65779,8.14804,8.61578,8.9804,9.02626,8.06601,7.55812,7.23472,6.75739,6.44792,
1.4858,2.75088,3.83908,4.77883,5.57639,6.3106,6.96617,7.4747,8.06569,8.45126,8.88543,9.27425,9.58614,9.94041,10.211,10.4814,10.7101,
4.84814,4.28616,4.55716,5.58774,6.50607,7.24941,7.90284,8.5022,9.01019,9.50255,9.80014,10.1615,10.5088,10.7846,11.0517,11.3089,11.5802,
2.41882,3.14312,4.32887,5.29688,6.16729,6.89309,7.53916,8.14461,8.66327,9.15895,9.47815,9.878,10.2122,10.5522,10.7917,11.0973,11.3072,
2.28071,3.02215,4.2246,5.16737,5.97725,6.7802,7.48063,8.03406,8.57903,9.04522,9.38075,9.77132,10.1407,10.4332,10.7225,11.0227,11.293,
2.40107,3.12673,4.24063,5.26337,6.10607,6.89518,7.55159,8.0214,8.59063,9.04119,9.45725,9.84974,10.2181,10.4546,10.7016,10.9862,11.1535,
3.08605,3.14557,4.32478,5.34893,6.24606,7.00596,7.67022,8.22043,8.78148,9.2825,9.78253,10.1725,10.5214,10.8974,11.1889,11.5065,11.7491,
2.31095,3.07024,4.21893,5.23045,6.12051,6.88155,7.5429,8.1704,8.70096,9.21662,9.63006,10.0309,10.3831,10.7094,11.0385,11.3484,11.5096,
1.54153,2.81947,3.90672,4.87937,5.68546,6.44917,7.06979,7.58443,8.03568,8.46009,8.86332,9.23878,9.58509,9.87149,10.2217,10.5546,10.8134,
3.00656,3.16845,4.31649,5.35136,6.19204,6.9233,7.56122,8.21736,8.74006,9.16053,9.5786,9.98402,10.2881,10.6725,10.9419,11.2685,11.5322,
1.45391,2.70361,3.69543,4.61065,5.41491,6.13567,6.69093,7.29229,7.80962,8.26429,8.69188,9.10307,9.42799,9.78977,10.0409,10.2874,10.5779,
3.38588,3.31071,4.36442,5.32707,6.19235,6.92591,7.55309,8.10947,8.58801,9.03816,9.51132,9.89327,10.2388,10.5218,10.815,11.1245,11.3508,
4.58181,3.59431,4.37286,5.45417,6.28297,6.97583,7.54004,8.11879,8.61817,9.08452,9.50383,9.93185,10.2536,10.5989,10.9077,11.2235,11.4497,
1.50303,2.76369,3.82269,4.75975,5.56939,6.24352,6.80488,7.37228,7.86358,8.29208,8.76715,9.16054,9.49878,9.78506,10.0378,10.3679,10.645,
2.1632,3.04388,4.20403,5.20628,6.03902,6.64183,7.28681,7.84713,8.38657,8.88636,9.29135,9.70619,9.9869,10.3398,10.6302,10.9343,11.1884,
2.93997,3.08815,4.28123,5.20873,6.09037,6.74788,7.41628,8.01851,8.51982,8.98446,9.39239,9.76406,10.1683,10.5074,10.797,11.1204,11.3661,
5.47306,4.92895,4.67589,5.75596,6.62128,7.44719,8.15284,8.77501,9.20783,9.72773,10.1086,10.497,10.8308,11.1514,11.3831,11.7073,11.8257,
1.51608,2.7546,3.86643,4.77331,5.55613,6.2828,6.95974,7.49462,7.98701,8.39411,8.85124,9.2199,9.60823,9.91436,10.2652,10.4943,10.7515,
3.91962,4.77409,5.16465,5.81879,6.76809,7.54087,8.17771,8.78904,9.31785,9.77788,10.2639,10.5739,10.945,11.2007,11.4888,11.7562,12.051,
1.9579,3.01265,4.15182,5.1001,5.91458,6.66086,7.29756,7.88612,8.44509,8.82693,9.30889,9.72696,9.71414,8.43906,7.89841,7.43179,6.8713,
2.42127,3.10995,4.28595,5.31751,6.1368,6.92641,7.58955,8.22984,8.79439,9.26169,9.68834,9.98707,10.4064,10.7715,10.9826,11.2312,11.4598,
2.94767,3.2261,4.39802,5.4021,6.22128,7.00993,7.64092,8.16876,8.59526,9.08786,9.42405,9.76724,10.139,10.4637,10.7621,11.0657,11.3298,
3.47094,3.75255,4.48927,5.54569,6.44149,7.2018,7.80494,8.36291,8.92895,9.32077,9.68762,10.1362,10.4259,10.739,10.994,11.2997,11.6007,
2.43977,3.0586,4.19758,5.18819,6.07935,6.74703,7.37372,8.04582,8.61983,9.11822,9.50879,9.9315,10.3217,10.6091,10.8701,11.1754,11.4664,
3.48553,3.71937,4.49643,5.55459,6.4607,7.20737,7.91782,8.55889,9.06555,9.46922,9.88959,10.2852,10.6201,10.8891,11.2249,11.5382,11.7343,
4.55412,3.86661,4.45317,5.5137,6.40037,7.14149,7.87412,8.43618,8.92796,9.43334,9.85454,10.2277,10.6348,10.8835,11.1285,11.3543,11.5799,
3.33948,3.45737,4.34606,5.31185,6.18721,6.93454,7.60737,8.21652,8.78453,9.19351,9.5651,9.91342,10.3276,10.6412,10.8912,11.158,11.3913,
1.53595,2.83625,3.9685,4.87693,5.62052,6.3904,7.03073,7.6346,8.15001,8.60477,8.99367,9.33188,9.65705,9.95588,10.1804,10.4129,10.6967,
1.4072,2.58023,3.5991,4.4998,5.28139,6.02505,6.63107,7.20887,7.70937,8.13053,8.52755,8.96108,9.32018,9.6652,10.0436,10.3197,10.6633,
2.32907,3.10934,4.24616,5.23937,6.06658,6.838,7.50306,8.07115,8.54521,8.89616,9.23686,9.61242,9.94686,10.1856,10.4037,10.6503,10.9088,
1.56355,2.86969,3.97113,4.93949,5.76999,6.45288,7.13185,7.65779,8.14804,8.61578,8.9804,9.02626,8.06601,7.55812,7.23472,6.75739,6.44792,
1.4858,2.75088,3.83908,4.77883,5.57639,6.3106,6.96617,7.4747,8.06569,8.45126,8.88543,9.27425,9.58614,9.94041,10.211,10.4814,10.7101,
4.84814,4.28616,4.55716,5.58774,6.50607,7.24941,7.90284,8.5022,9.01019,9.50255,9.80014,10.1615,10.5088,10.7846,11.0517,11.3089,11.5802,
2.41882,3.14312,4.32887,5.29688,6.16729,6.89309,7.53916,8.14461,8.66327,9.15895,9.47815,9.878,10.2122,10.5522,10.7917,11.0973,11.3072,
2.28071,3.02215,4.2246,5.16737,5.97725,6.7802,7.48063,8.03406,8.57903,9.04522,9.38075,9.77132,10.1407,10.4332,10.7225,11.0227,11.293,
2.40107,3.12673,4.24063,5.26337,6.10607,6.89518,7.55159,8.0214,8.59063,9.04119,9.45725,9.84974,10.2181,10.4546,10.7016,10.9862,11.1535,
3.08605,3.14557,4.32478,5.34893,6.24606,7.00596,7.67022,8.22043,8.78148,9.2825,9.78253,10.1725,10.5214,10.8974,11.1889,11.5065,11.7491,
2.31095,3.07024,4.21893,5.23045,6.12051,6.88155,7.5429,8.1704,8.70096,9.21662,9.63006,10.0309,10.3831,10.7094,11.0385,11.3484,11.5096,
1.54153,2.81947,3.90672,4.87937,5.68546,6.44917,7.06979,7.58443,8.03568,8.46009,8.86332,9.23878,9.58509,9.87149,10.2217,10.5546,10.8134,
3.00656,3.16845,4.31649,5.35136,6.19204,6.9233,7.56122,8.21736,8.74006,9.16053,9.5786,9.98402,10.2881,10.6725,10.9419,11.2685,11.5322,
1.45391,2.70361,3.69543,4.61065,5.41491,6.13567,6.69093,7.29229,7.80962,8.26429,8.69188,9.10307,9.42799,9.78977,10.0409,10.2874,10.5779,
3.38588,3.31071,4.36442,5.32707,6.19235,6.92591,7.55309,8.10947,8.58801,9.03816,9.51132,9.89327,10.2388,10.5218,10.815,11.1245,11.3508,
4.58181,3.59431,4.37286,5.45417,6.28297,6.97583,7.54004,8.11879,8.61817,9.08452,9.50383,9.93185,10.2536,10.5989,10.9077,11.2235,11.4497,
1.50303,2.76369,3.82269,4.75975,5.56939,6.24352,6.80488,7.37228,7.86358,8.29208,8.76715,9.16054,9.49878,9.78506,10.0378,10.3679,10.645,
2.1632,3.04388,4.20403,5.20628,6.03902,6.64183,7.28681,7.84713,8.38657,8.88636,9.29135,9.70619,9.9869,10.3398,10.6302,10.9343,11.1884,
2.93997,3.08815,4.28123,5.20873,6.09037,6.74788,7.41628,8.01851,8.51982,8.98446,9.39239,9.76406,10.1683,10.5074,10.797,11.1204,11.3661,
5.47306,4.92895,4.67589,5.75596,6.62128,7.44719,8.15284,8.77501,9.20783,9.72773,10.1086,10.497,10.8308,11.1514,11.3831,11.7073,11.8257,
1.51608,2.7546,3.86643,4.77331,5.55613,6.2828,6.95974,7.49462,7.98701,8.39411,8.85124,9.2199,9.60823,9.91436,10.2652,10.4943,10.7515,
3.91962,4.77409,5.16465,5.81879,6.76809,7.54087,8.17771,8.78904,9.31785,9.77788,10.2639,10.5739,10.945,11.2007,11.4888,11.7562,12.051,
1.9579,3.01265,4.15182,5.1001,5.91458,6.66086,7.29756,7.88612,8.44509,8.82693,9.30889,9.72696,9.71414,8.43906,7.89841,7.43179,6.8713,
2.42127,3.10995,4.28595,5.31751,6.1368,6.92641,7.58955,8.22984,8.79439,9.26169,9.68834,9.98707,10.4064,10.7715,10.9826,11.2312,11.4598,
2.94767,3.2261,4.39802,5.4021,6.22128,7.00993,7.64092,8.16876,8.59526,9.08786,9.42405,9.76724,10.139,10.4637,10.7621,11.0657,11.3298,
3.47094,3.75255,4.48927,5.54569,6.44149,7.2018,7.80494,8.36291,8.92895,9.32077,9.68762,10.1362,10.4259,10.739,10.994,11.2997,11.6007,
2.43977,3.0586,4.19758,5.18819,6.07935,6.74703,7.37372,8.04582,8.61983,9.11822,9.50879,9.9315,10.3217,10.6091,10.8701,11.1754,11.4664,11.6958,
3.48553,3.71937,4.49643,5.55459,6.4607,7.20737,7.91782,8.55889,9.06555,9.46922,9.88959,10.2852,10.6201,10.8891,11.2249,11.5382,11.7343,11.9422,
4.55412,3.86661,4.45317,5.5137,6.40037,7.14149,7.87412,8.43618,8.92796,9.43334,9.85454,10.2277,10.6348,10.8835,11.1285,11.3543,11.5799,11.9152,
3.33948,3.45737,4.34606,5.31185,6.18721,6.93454,7.60737,8.21652,8.78453,9.19351,9.5651,9.91342,10.3276,10.6412,10.8912,11.158,11.3913,11.6065,
1.53595,2.83625,3.9685,4.87693,5.62052,6.3904,7.03073,7.6346,8.15001,8.60477,8.99367,9.33188,9.65705,9.95588,10.1804,10.4129,10.6967,10.909,
1.4072,2.58023,3.5991,4.4998,5.28139,6.02505,6.63107,7.20887,7.70937,8.13053,8.52755,8.96108,9.32018,9.6652,10.0436,10.3197,10.6633,10.8474,
2.32907,3.10934,4.24616,5.23937,6.06658,6.838,7.50306,8.07115,8.54521,8.89616,9.23686,9.61242,9.94686,10.1856,10.4037,10.6503,10.9088,11.1857,
1.56355,2.86969,3.97113,4.93949,5.76999,6.45288,7.13185,7.65779,8.14804,8.61578,8.9804,9.02626,8.06601,7.55812,7.23472,6.75739,6.44792,6.14327,
1.4858,2.75088,3.83908,4.77883,5.57639,6.3106,6.96617,7.4747,8.06569,8.45126,8.88543,9.27425,9.58614,9.94041,10.211,10.4814,10.7101,10.9623,
4.84814,4.28616,4.55716,5.58774,6.50607,7.24941,7.90284,8.5022,9.01019,9.50255,9.80014,10.1615,10.5088,10.7846,11.0517,11.3089,11.5802,11.8779,
2.41882,3.14312,4.32887,5.29688,6.16729,6.89309,7.53916,8.14461,8.66327,9.15895,9.47815,9.878,10.2122,10.5522,10.7917,11.0973,11.3072,11.5893,
2.28071,3.02215,4.2246,5.16737,5.97725,6.7802,7.48063,8.03406,8.57903,9.04522,9.38075,9.77132,10.1407,10.4332,10.7225,11.0227,11.293,11.5052,
2.40107,3.12673,4.24063,5.26337,6.10607,6.89518,7.55159,8.0214,8.59063,9.04119,9.45725,9.84974,10.2181,10.4546,10.7016,10.9862,11.1535,11.3292,
3.08605,3.14557,4.32478,5.34893,6.24606,7.00596,7.67022,8.22043,8.78148,9.2825,9.78253,10.1725,10.5214,10.8974,11.1889,11.5065,11.7491,11.9269,
2.31095,3.07024,4.21893,5.23045,6.12051,6.88155,7.5429,8.1704,8.70096,9.21662,9.63006,10.0309,10.3831,10.7094,11.0385,11.3484,11.5096,11.7813,
1.54153,2.81947,3.90672,4.87937,5.68546,6.44917,7.06979,7.58443,8.03568,8.46009,8.86332,9.23878,9.58509,9.87149,10.2217,10.5546,10.8134,11.008,
3.00656,3.16845,4.31649,5.35136,6.19204,6.9233,7.56122,8.21736,8.74006,9.16053,9.5786,9.98402,10.2881,10.6725,10.9419,11.2685,11.5322,11.6743,
1.45391,2.70361,3.69543,4.61065,5.41491,6.13567,6.69093,7.29229,7.80962,8.26429,8.69188,9.10307,9.42799,9.78977,10.0409,10.2874,10.5779,10.7784,
3.38588,3.31071,4.36442,5.32707,6.19235,6.92591,7.55309,8.10947,8.58801,9.03816,9.51132,9.89327,10.2388,10.5218,10.815,11.1245,11.3508,11.5557,
4.58181,3.59431,4.37286,5.45417,6.28297,6.97583,7.54004,8.11879,8.61817,9.08452,9.50383,9.93185,10.2536,10.5989,10.9077,11.2235,11.4497,11.7068,
1.50303,2.76369,3.82269,4.75975,5.56939,6.24352,6.80488,7.37228,7.86358,8.29208,8.76715,9.16054,9.49878,9.78506,10.0378,10.3679,10.645,10.8741,
2.1632,3.04388,4.20403,5.20628,6.03902,6.64183,7.28681,7.84713,8.38657,8.88636,9.29135,9.70619,9.9869,10.3398,10.6302,10.9343,11.1884,11.3777,
2.93997,3.08815,4.28123,5.20873,6.09037,6.74788,7.41628,8.01851,8.51982,8.98446,9.39239,9.76406,10.1683,10.5074,10.797,11.1204,11.3661,11.5643,
5.47306,4.92895,4.67589,5.75596,6.62128,7.44719,8.15284,8.77501,9.20783,9.72773,10.1086,10.497,10.8308,11.1514,11.3831,11.7073,11.8257,12.096,
1.51608,2.7546,3.86643,4.77331,5.55613,6.2828,6.95974,7.49462,7.98701,8.39411,8.85124,9.2199,9.60823,9.91436,10.2652,10.4943,10.7515,10.9846,
3.91962,4.77409,5.16465,5.81879,6.76809,7.54087,8.17771,8.78904,9.31785,9.77788,10.2639,10.5739,10.945,11.2007,11.4888,11.7562,12.051,12.2779,
1.9579,3.01265,4.15182,5.1001,5.91458,6.66086,7.29756,7.88612,8.44509,8.82693,9.30889,9.72696,9.71414,8.43906,7.89841,7.43179,6.8713,6.60716,
2.42127,3.10995,4.28595,5.31751,6.1368,6.92641,7.58955,8.22984,8.79439,9.26169,9.68834,9.98707,10.4064,10.7715,10.9826,11.2312,11.4598,11.6526,
2.94767,3.2261,4.39802,5.4021,6.22128,7.00993,7.64092,8.16876,8.59526,9.08786,9.42405,9.76724,10.139,10.4637,10.7621,11.0657,11.3298,11.5494,
3.47094,3.75255,4.48927,5.54569,6.44149,7.2018,7.80494,8.36291,8.92895,9.32077,9.68762,10.1362,10.4259,10.739,10.994,11.2997,11.6007,11.8294,
2.43977,3.0586,4.19758,5.18819,6.07935,6.74703,7.37372,8.04582,8.61983,9.11822,9.50879,9.9315,10.3217,10.6091,10.8701,11.1754,11.4664,11.6958,
3.48553,3.71937,4.49643,5.55459,6.4607,7.20737,7.91782,8.55889,9.06555,9.46922,9.88959,10.2852,10.6201,10.8891,11.2249,11.5382,11.7343,11.9422,
4.55412,3.86661,4.45317,5.5137,6.40037,7.14149,7.87412,8.43618,8.92796,9.43334,9.85454,10.2277,10.6348,10.8835,11.1285,11.3543,11.5799,11.9152,
3.33948,3.45737,4.34606,5.31185,6.18721,6.93454,7.60737,8.21652,8.78453,9.19351,9.5651,9.91342,10.3276,10.6412,10.8912,11.158,11.3913,11.6065,
1.53595,2.83625,3.9685,4.87693,5.62052,6.3904,7.03073,7.6346,8.15001,8.60477,8.99367,9.33188,9.65705,9.95588,10.1804,10.4129,10.6967,10.909,
1.4072,2.58023,3.5991,4.4998,5.28139,6.02505,6.63107,7.20887,7.70937,8.13053,8.52755,8.96108,9.32018,9.6652,10.0436,10.3197,10.6633,10.8474,
2.32907,3.10934,4.24616,5.23937,6.06658,6.838,7.50306,8.07115,8.54521,8.89616,9.23686,9.61242,9.94686,10.1856,10.4037,10.6503,10.9088,11.1857,
1.56355,2.86969,3.97113,4.93949,5.76999,6.45288,7.13185,7.65779,8.14804,8.61578,8.9804,9.02626,8.06601,7.55812,7.23472,6.75739,6.44792,6.14327,
1.4858,2.75088,3.83908,4.77883,5.57639,6.3106,6.96617,7.4747,8.06569,8.45126,8.88543,9.27425,9.58614,9.94041,10.211,10.4814,10.7101,10.9623,
4.84814,4.28616,4.55716,5.58774,6.50607,7.24941,7.90284,8.5022,9.01019,9.50255,9.80014,10.1615,10.5088,10.7846,11.0517,11.3089,11.5802,11.8779,
2.41882,3.14312,4.32887,5.29688,6.16729,6.89309,7.53916,8.14461,8.66327,9.15895,9.47815,9.878,10.2122,10.5522,10.7917,11.0973,11.3072,11.5893,
2.28071,3.02215,4.2246,5.16737,5.97725,6.7802,7.48063,8.03406,8.57903,9.04522,9.38075,9.77132,10.1407,10.4332,10.7225,11.0227,11.293,11.5052,
2.40107,3.12673,4.24063,5.26337,6.10607,6.89518,7.55159,8.0214,8.59063,9.04119,9.45725,9.84974,10.2181,10.4546,10.7016,10.9862,11.1535,11.3292,
3.08605,3.14557,4.32478,5.34893,6.24606,7.00596,7.67022,8.22043,8.78148,9.2825,9.78253,10.1725,10.5214,10.8974,11.1889,11.5065,11.7491,11.9269,
2.31095,3.07024,4.21893,5.23045,6.12051,6.88155,7.5429,8.1704,8.70096,9.21662,9.63006,10.0309,10.3831,10.7094,11.0385,11.3484,11.5096,11.7813,
1.54153,2.81947,3.90672,4.87937,5.68546,6.44917,7.06979,7.58443,8.03568,8.46009,8.86332,9.23878,9.58509,9.87149,10.2217,10.5546,10.8134,11.008,
3.00656,3.16845,4.31649,5.35136,6.19204,6.9233,7.56122,8.21736,8.74006,9.16053,9.5786,9.98402,10.2881,10.6725,10.9419,11.2685,11.5322,11.6743,
1.45391,2.70361,3.69543,4.61065,5.41491,6.13567,6.69093,7.29229,7.80962,8.26429,8.69188,9.10307,9.42799,9.78977,10.0409,10.2874,10.5779,10.7784,
3.38588,3.31071,4.36442,5.32707,6.19235,6.92591,7.55309,8.10947,8.58801,9.03816,9.51132,9.89327,10.2388,10.5218,10.815,11.1245,11.3508,11.5557,
4.58181,3.59431,4.37286,5.45417,6.28297,6.97583,7.54004,8.11879,8.61817,9.08452,9.50383,9.93185,10.2536,10.5989,10.9077,11.2235,11.4497,11.7068,
1.50303,2.76369,3.82269,4.75975,5.56939,6.24352,6.80488,7.37228,7.86358,8.29208,8.76715,9.16054,9.49878,9.78506,10.0378,10.3679,10.645,10.8741,
2.1632,3.04388,4.20403,5.20628,6.03902,6.64183,7.28681,7.84713,8.38657,8.88636,9.29135,9.70619,9.9869,10.3398,10.6302,10.9343,11.1884,11.3777,
2.93997,3.08815,4.28123,5.20873,6.09037,6.74788,7.41628,8.01851,8.51982,8.98446,9.39239,9.76406,10.1683,10.5074,10.797,11.1204,11.3661,11.5643,
5.47306,4.92895,4.67589,5.75596,6.62128,7.44719,8.15284,8.77501,9.20783,9.72773,10.1086,10.497,10.8308,11.1514,11.3831,11.7073,11.8257,12.096,
1.51608,2.7546,3.86643,4.77331,5.55613,6.2828,6.95974,7.49462,7.98701,8.39411,8.85124,9.2199,9.60823,9.91436,10.2652,10.4943,10.7515,10.9846,
3.91962,4.77409,5.16465,5.81879,6.76809,7.54087,8.17771,8.78904,9.31785,9.77788,10.2639,10.5739,10.945,11.2007,11.4888,11.7562,12.051,12.2779,
1.9579,3.01265,4.15182,5.1001,5.91458,6.66086,7.29756,7.88612,8.44509,8.82693,9.30889,9.72696,9.71414,8.43906,7.89841,7.43179,6.8713,6.60716,
2.42127,3.10995,4.28595,5.31751,6.1368,6.92641,7.58955,8.22984,8.79439,9.26169,9.68834,9.98707,10.4064,10.7715,10.9826,11.2312,11.4598,11.6526,
2.94767,3.2261,4.39802,5.4021,6.22128,7.00993,7.64092,8.16876,8.59526,9.08786,9.42405,9.76724,10.139,10.4637,10.7621,11.0657,11.3298,11.5494,
3.47094,3.75255,4.48927,5.54569,6.44149,7.2018,7.80494,8.36291,8.92895,9.32077,9.68762,10.1362,10.4259,10.739,10.994,11.2997,11.6007,11.8294,
2.43977,3.0586,4.19758,5.18819,6.07935,6.74703,7.37372,8.04582,8.61983,9.11822,9.50879,9.9315,10.3217,10.6091,10.8701,11.1754,11.4664,11.6958,11.9607,
3.48553,3.71937,4.49643,5.55459,6.4607,7.20737,7.91782,8.55889,9.06555,9.46922,9.88959,10.2852,10.6201,10.8891,11.2249,11.5382,11.7343,11.9422,12.0761,
4.55412,3.86661,4.45317,5.5137,6.40037,7.14149,7.87412,8.43618,8.92796,9.43334,9.85454,10.2277,10.6348,10.8835,11.1285,11.3543,11.5799,11.9152,12.1847,
3.33948,3.45737,4.34606,5.31185,6.18721,6.93454,7.60737,8.21652,8.78453,9.19351,9.5651,9.91342,10.3276,10.6412,10.8912,11.158,11.3913,11.6065,11.8428,
1.53595,2.83625,3.9685,4.87693,5.62052,6.3904,7.03073,7.6346,8.15001,8.60477,8.99367,9.33188,9.65705,9.95588,10.1804,10.4129,10.6967,10.909,11.116,
1.4072,2.58023,3.5991,4.4998,5.28139,6.02505,6.63107,7.20887,7.70937,8.13053,8.52755,8.96108,9.32018,9.6652,10.0436,10.3197,10.6633,10.8474,11.081,
2.32907,3.10934,4.24616,5.23937,6.06658,6.838,7.50306,8.07115,8.54521,8.89616,9.23686,9.61242,9.94686,10.1856,10.4037,10.6503,10.9088,11.1857,11.3928,
1.56355,2.86969,3.97113,4.93949,5.76999,6.45288,7.13185,7.65779,8.14804,8.61578,8.9804,9.02626,8.06601,7.55812,7.23472,6.75739,6.44792,6.14327,5.97928,
1.4858,2.75088,3.83908,4.77883,5.57639,6.3106,6.96617,7.4747,8.06569,8.45126,8.88543,9.27425,9.58614,9.94041,10.211,10.4814,10.7101,10.9623,11.1982,
4.84814,4.28616,4.55716,5.58774,6.50607,7.24941,7.90284,8.5022,9.01019,9.50255,9.80014,10.1615,10.5088,10.7846,11.0517,11.3089,11.5802,11.8779,12.0871,
2.41882,3.14312,4.32887,5.29688,6.16729,6.89309,7.53916,8.14461,8.66327,9.15895,9.47815,9.878,10.2122,10.5522,10.7917,11.0973,11.3072,11.5893,11.801,
2.28071,3.02215,4.2246,5.16737,5.97725,6.7802,7.48063,8.03406,8.57903,9.04522,9.38075,9.77132,10.1407,10.4332,10.7225,11.0227,11.293,11.5052,11.6696,
2.40107,3.12673,4.24063,5.26337,6.10607,6.89518,7.55159,8.0214,8.59063,9.04119,9.45725,9.84974,10.2181,10.4546,10.7016,10.9862,11.1535,11.3292,11.5871,
3.08605,3.14557,4.32478,5.34893,6.24606,7.00596,7.67022,8.22043,8.78148,9.2825,9.78253,10.1725,10.5214,10.8974,11.1889,11.5065,11.7491,11.9269,12.136,
2.31095,3.07024,4.21893,5.23045,6.12051,6.88155,7.5429,8.1704,8.70096,9.21662,9.63006,10.0309,10.3831,10.7094,11.0385,11.3484,11.5096,11.7813,12.0152,
1.54153,2.81947,3.90672,4.87937,5.68546,6.44917,7.06979,7.58443,8.03568,8.46009,8.86332,9.23878,9.58509,9.87149,10.2217,10.5546,10.8134,11.008,11.1892,
3.00656,3.16845,4.31649,5.35136,6.19204,6.9233,7.56122,8.21736,8.74006,9.16053,9.5786,9.98402,10.2881,10.6725,10.9419,11.2685,11.5322,11.6743,11.9143,
1.45391,2.70361,3.69543,4.61065,5.41491,6.13567,6.69093,7.29229,7.80962,8.26429,8.69188,9.10307,9.42799,9.78977,10.0409,10.2874,10.5779,10.7784,11.0667,
3.38588,3.31071,4.36442,5.32707,6.19235,6.92591,7.55309,8.10947,8.58801,9.03816,9.51132,9.89327,10.2388,10.5218,10.815,11.1245,11.3508,11.5557,11.8288,
4.58181,3.59431,4.37286,5.45417,6.28297,6.97583,7.54004,8.11879,8.61817,9.08452,9.50383,9.93185,10.2536,10.5989,10.9077,11.2235,11.4497,11.7068,11.8569,
1.50303,2.76369,3.82269,4.75975,5.56939,6.24352,6.80488,7.37228,7.86358,8.29208,8.76715,9.16054,9.49878,9.78506,10.0378,10.3679,10.645,10.8741,11.0539,
2.1632,3.04388,4.20403,5.20628,6.03902,6.64183,7.28681,7.84713,8.38657,8.88636,9.29135,9.70619,9.9869,10.3398,10.6302,10.9343,11.1884,11.3777,11.5629,
2.93997,3.08815,4.28123,5.20873,6.09037,6.74788,7.41628,8.01851,8.51982,8.98446,9.39239,9.76406,10.1683,10.5074,10.797,11.1204,11.3661,11.5643,11.7667,
5.47306,4.92895,4.67589,5.75596,6.62128,7.44719,8.15284,8.77501,9.20783,9.72773,10.1086,10.497,10.8308,11.1514,11.3831,11.7073,11.8257,12.096,12.2485,
1.51608,2.7546,3.86643,4.77331,5.55613,6.2828,6.95974,7.49462,7.98701,8.39411,8.85124,9.2199,9.60823,9.91436,10.2652,10.4943,10.7515,10.9846,11.1875,
3.91962,4.77409,5.16465,5.81879,6.76809,7.54087,8.17771,8.78904,9.31785,9.77788,10.2639,10.5739,10.945,11.2007,11.4888,11.7562,12.051,12.2779,12.4599,
1.9579,3.01265,4.15182,5.1001,5.91458,6.66086,7.29756,7.88612,8.44509,8.82693,9.30889,9.72696,9.71414,8.43906,7.89841,7.43179,6.8713,6.60716,6.24906,
2.42127,3.10995,4.28595,5.31751,6.1368,6.92641,7.58955,8.22984,8.79439,9.26169,9.68834,9.98707,10.4064,10.7715,10.9826,11.2312,11.4598,11.6526,11.8698,
2.94767,3.2261,4.39802,5.4021,6.22128,7.00993,7.64092,8.16876,8.59526,9.08786,9.42405,9.76724,10.139,10.4637,10.7621,11.0657,11.3298,11.5494,11.7537,
3.47094,3.75255,4.48927,5.54569,6.44149,7.2018,7.80494,8.36291,8.92895,9.32077,9.68762,10.1362,10.4259,10.739,10.994,11.2997,11.6007,11.8294,12.0719,
2.43977,3.0586,4.19758,5.18819,6.07935,6.74703,7.37372,8.04582,8.61983,9.11822,9.50879,9.9315,10.3217,10.6091,10.8701,11.1754,11.4664,11.6958,11.9607,12.1358,
3.48553,3.71937,4.49643,5.55459,6.4607,7.20737,7.91782,8.55889,9.06555,9.46922,9.88959,10.2852,10.6201,10.8891,11.2249,11.5382,11.7343,11.9422,12.0761,12.3203,
4.55412,3.86661,4.45317,5.5137,6.40037,7.14149,7.87412,8.43618,8.92796,9.43334,9.85454,10.2277,10.6348,10.8835,11.1285,11.3543,11.5799,11.9152,12.1847,12.3317,
3.33948,3.45737,4.34606,5.31185,6.18721,6.93454,7.60737,8.21652,8.78453,9.19351,9.5651,9.91342,10.3276,10.6412,10.8912,11.158,11.3913,11.6065,11.8428,12.0627,
1.53595,2.83625,3.9685,4.87693,5.62052,6.3904,7.03073,7.6346,8.15001,8.60477,8.99367,9.33188,9.65705,9.95588,10.1804,10.4129,10.6967,10.909,11.116,11.3555,
1.4072,2.58023,3.5991,4.4998,5.28139,6.02505,6.63107,7.20887,7.70937,8.13053,8.52755,8.96108,9.32018,9.6652,10.0436,10.3197,10.6633,10.8474,11.081,11.1809,
2.32907,3.10934,4.24616,5.23937,6.06658,6.838,7.50306,8.07115,8.54521,8.89616,9.23686,9.61242,9.94686,10.1856,10.4037,10.6503,10.9088,11.1857,11.3928,11.5858,
1.56355,2.86969,3.97113,4.93949,5.76999,6.45288,7.13185,7.65779,8.14804,8.61578,8.9804,9.02626,8.06601,7.55812,7.23472,6.75739,6.44792,6.14327,5.97928,5.81866,
1.4858,2.75088,3.83908,4.77883,5.57639,6.3106,6.96617,7.4747,8.06569,8.45126,8.88543,9.27425,9.58614,9.94041,10.211,10.4814,10.7101,10.9623,11.1982,11.4299,
4.84814,4.28616,4.55716,5.58774,6.50607,7.24941,7.90284,8.5022,9.01019,9.50255,9.80014,10.1615,10.5088,10.7846,11.0517,11.3089,11.5802,11.8779,12.0871,12.2787,
2.41882,3.14312,4.32887,5.29688,6.16729,6.89309,7.53916,8.14461,8.66327,9.15895,9.47815,9.878,10.2122,10.5522,10.7917,11.0973,11.3072,11.5893,11.801,12.0633,
2.28071,3.02215,4.2246,5.16737,5.97725,6.7802,7.48063,8.03406,8.57903,9.04522,9.38075,9.77132,10.1407,10.4332,10.7225,11.0227,11.293,11.5052,11.6696,11.8537,
2.40107,3.12673,4.24063,5.26337,6.10607,6.89518,7.55159,8.0214,8.59063,9.04119,9.45725,9.84974,10.2181,10.4546,10.7016,10.9862,11.1535,11.3292,11.5871,11.6359,
3.08605,3.14557,4.32478,5.34893,6.24606,7.00596,7.67022,8.22043,8.78148,9.2825,9.78253,10.1725,10.5214,10.8974,11.1889,11.5065,11.7491,11.9269,12.136,12.3407,
2.31095,3.07024,4.21893,5.23045,6.12051,6.88155,7.5429,8.1704,8.70096,9.21662,9.63006,10.0309,10.3831,10.7094,11.0385,11.3484,11.5096,11.7813,12.0152,12.2427,
1.54153,2.81947,3.90672,4.87937,5.68546,6.44917,7.06979,7.58443,8.03568,8.46009,8.86332,9.23878,9.58509,9.87149,10.2217,10.5546,10.8134,11.008,11.1892,11.3783,
3.00656,3.16845,4.31649,5.35136,6.19204,6.9233,7.56122,8.21736,8.74006,9.16053,9.5786,9.98402,10.2881,10.6725,10.9419,11.2685,11.5322,11.6743,11.9143,12.0497,
1.45391,2.70361,3.69543,4.61065,5.41491,6.13567,6.69093,7.29229,7.80962,8.26429,8.69188,9.10307,9.42799,9.78977,10.0409,10.2874,10.5779,10.7784,11.0667,11.2985,
3.38588,3.31071,4.36442,5.32707,6.19235,6.92591,7.55309,8.10947,8.58801,9.03816,9.51132,9.89327,10.2388,10.5218,10.815,11.1245,11.3508,11.5557,11.8288,11.9575,
4.58181,3.59431,4.37286,5.45417,6.28297,6.97583,7.54004,8.11879,8.61817,9.08452,9.50383,9.93185,10.2536,10.5989,10.9077,11.2235,11.4497,11.7068,11.8569,12.0138,
1.50303,2.76369,3.82269,4.75975,5.56939,6.24352,6.80488,7.37228,7.86358,8.29208,8.76715,9.16054,9.49878,9.78506,10.0378,10.3679,10.645,10.8741,11.0539,11.3216,
2.1632,3.04388,4.20403,5.20628,6.03902,6.64183,7.28681,7.84713,8.38657,8.88636,9.29135,9.70619,9.9869,10.3398,10.6302,10.9343,11.1884,11.3777,11.5629,11.7616,
2.93997,3.08815,4.28123,5.20873,6.09037,6.74788,7.41628,8.01851,8.51982,8.98446,9.39239,9.76406,10.1683,10.5074,10.797,11.1204,11.3661,11.5643,11.7667,11.9936,
5.47306,4.92895,4.67589,5.75596,6.62128,7.44719,8.15284,8.77501,9.20783,9.72773,10.1086,10.497,10.8308,11.1514,11.3831,11.7073,11.8257,12.096,12.2485,12.4512,
1.51608,2.7546,3.86643,4.77331,5.55613,6.2828,6.95974,7.49462,7.98701,8.39411,8.85124,9.2199,9.60823,9.91436,10.2652,10.4943,10.7515,10.9846,11.1875,11.3176,
3.91962,4.77409,5.16465,5.81879,6.76809,7.54087,8.17771,8.78904,9.31785,9.77788,10.2639,10.5739,10.945,11.2007,11.4888,11.7562,12.051,12.2779,12.4599,12.6624,
1.9579,3.01265,4.15182,5.1001,5.91458,6.66086,7.29756,7.88612,8.44509,8.82693,9.30889,9.72696,9.71414,8.43906,7.89841,7.43179,6.8713,6.60716,6.24906,6.03517,
2.42127,3.10995,4.28595,5.31751,6.1368,6.92641,7.58955,8.22984,8.79439,9.26169,9.68834,9.98707,10.4064,10.7715,10.9826,11.2312,11.4598,11.6526,11.8698,12.0806,
2.94767,3.2261,4.39802,5.4021,6.22128,7.00993,7.64092,8.16876,8.59526,9.08786,9.42405,9.76724,10.139,10.4637,10.7621,11.0657,11.3298,11.5494,11.7537,11.9757,
3.47094,3.75255,4.48927,5.54569,6.44149,7.2018,7.80494,8.36291,8.92895,9.32077,9.68762,10.1362,10.4259,10.739,10.994,11.2997,11.6007,11.8294,12.0719,12.238,
2.43977,3.0586,4.19758,5.18819,6.07935,6.74703,7.37372,8.04582,8.61983,9.11822,9.50879,9.9315,10.3217,10.6091,10.8701,11.1754,11.4664,11.6958,11.9607,12.1358,
3.48553,3.71937,4.49643,5.55459,6.4607,7.20737,7.91782,8.55889,9.06555,9.46922,9.88959,10.2852,10.6201,10.8891,11.2249,11.5382,11.7343,11.9422,12.0761,12.3203,
4.55412,3.86661,4.45317,5.5137,6.40037,7.14149,7.87412,8.43618,8.92796,9.43334,9.85454,10.2277,10.6348,10.8835,11.1285,11.3543,11.5799,11.9152,12.1847,12.3317,
3.33948,3.45737,4.34606,5.31185,6.18721,6.93454,7.60737,8.21652,8.78453,9.19351,9.5651,9.91342,10.3276,10.6412,10.8912,11.158,11.3913,11.6065,11.8428,12.0627,
1.53595,2.83625,3.9685,4.87693,5.62052,6.3904,7.03073,7.6346,8.15001,8.60477,8.99367,9.33188,9.65705,9.95588,10.1804,10.4129,10.6967,10.909,11.116,11.3555,
1.4072,2.58023,3.5991,4.4998,5.28139,6.02505,6.63107,7.20887,7.70937,8.13053,8.52755,8.96108,9.32018,9.6652,10.0436,10.3197,10.6633,10.8474,11.081,11.1809,
2.32907,3.10934,4.24616,5.23937,6.06658,6.838,7.50306,8.07115,8.54521,8.89616,9.23686,9.61242,9.94686,10.1856,10.4037,10.6503,10.9088,11.1857,11.3928,11.5858,
1.56355,2.86969,3.97113,4.93949,5.76999,6.45288,7.13185,7.65779,8.14804,8.61578,8.9804,9.02626,8.06601,7.55812,7.23472,6.75739,6.44792,6.14327,5.97928,5.81866,
1.4858,2.75088,3.83908,4.77883,5.57639,6.3106,6.96617,7.4747,8.06569,8.45126,8.88543,9.27425,9.58614,9.94041,10.211,10.4814,10.7101,10.9623,11.1982,11.4299,
4.84814,4.28616,4.55716,5.58774,6.50607,7.24941,7.90284,8.5022,9.01019,9.50255,9.80014,10.1615,10.5088,10.7846,11.0517,11.3089,11.5802,11.8779,12.0871,12.2787,
2.41882,3.14312,4.32887,5.29688,6.16729,6.89309,7.53916,8.14461,8.66327,9.15895,9.47815,9.878,10.2122,10.5522,10.7917,11.0973,11.3072,11.5893,11.801,12.0633,
2.28071,3.02215,4.2246,5.16737,5.97725,6.7802,7.48063,8.03406,8.57903,9.04522,9.38075,9.77132,10.1407,10.4332,10.7225,11.0227,11.293,11.5052,11.6696,11.8537,
2.40107,3.12673,4.24063,5.26337,6.10607,6.89518,7.55159,8.0214,8.59063,9.04119,9.45725,9.84974,10.2181,10.4546,10.7016,10.9862,11.1535,11.3292,11.5871,11.6359,
3.08605,3.14557,4.32478,5.34893,6.24606,7.00596,7.67022,8.22043,8.78148,9.2825,9.78253,10.1725,10.5214,10.8974,11.1889,11.5065,11.7491,11.9269,12.136,12.3407,
2.31095,3.07024,4.21893,5.23045,6.12051,6.88155,7.5429,8.1704,8.70096,9.21662,9.63006,10.0309,10.3831,10.7094,11.0385,11.3484,11.5096,11.7813,12.0152,12.2427,
1.54153,2.81947,3.90672,4.87937,5.68546,6.44917,7.06979,7.58443,8.03568,8.46009,8.86332,9.23878,9.58509,9.87149,10.2217,10.5546,10.8134,11.008,11.1892,11.3783,
3.00656,3.16845,4.31649,5.35136,6.19204,6.9233,7.56122,8.21736,8.74006,9.16053,9.5786,9.98402,10.2881,10.6725,10.9419,11.2685,11.5322,11.6743,11.9143,12.0497,
1.45391,2.70361,3.69543,4.61065,5.41491,6.13567,6.69093,7.29229,7.80962,8.26429,8.69188,9.10307,9.42799,9.78977,10.0409,10.2874,10.5779,10.7784,11.0667,11.2985,
3.38588,3.31071,4.36442,5.32707,6.19235,6.92591,7.55309,8.10947,8.58801,9.03816,9.51132,9.89327,10.2388,10.5218,10.815,11.1245,11.3508,11.5557,11.8288,11.9575,
4.58181,3.59431,4.37286,5.45417,6.28297,6.97583,7.54004,8.11879,8.61817,9.08452,9.50383,9.93185,10.2536,10.5989,10.9077,11.2235,11.4497,11.7068,11.8569,12.0138,
1.50303,2.76369,3.82269,4.75975,5.56939,6.24352,6.80488,7.37228,7.86358,8.29208,8.76715,9.16054,9.49878,9.78506,10.0378,10.3679,10.645,10.8741,11.0539,11.3216,
2.1632,3.04388,4.20403,5.20628,6.03902,6.64183,7.28681,7.84713,8.38657,8.88636,9.29135,9.70619,9.9869,10.3398,10.6302,10.9343,11.1884,11.3777,11.5629,11.7616,
2.93997,3.08815,4.28123,5.20873,6.09037,6.74788,7.41628,8.01851,8.51982,8.98446,9.39239,9.76406,10.1683,10.5074,10.797,11.1204,11.3661,11.5643,11.7667,11.9936,
5.47306,4.92895,4.67589,5.75596,6.62128,7.44719,8.15284,8.77501,9.20783,9.72773,10.1086,10.497,10.8308,11.1514,11.3831,11.7073,11.8257,12.096,12.2485,12.4512,
1.51608,2.7546,3.86643,4.77331,5.55613,6.2828,6.95974,7.49462,7.98701,8.39411,8.85124,9.2199,9.60823,9.91436,10.2652,10.4943,10.7515,10.9846,11.1875,11.3176,
3.91962,4.77409,5.16465,5.81879,6.76809,7.54087,8.17771,8.78904,9.31785,9.77788,10.2639,10.5739,10.945,11.2007,11.4888,11.7562,12.051,12.2779,12.4599,12.6624,
1.9579,3.01265,4.15182,5.1001,5.91458,6.66086,7.29756,7.88612,8.44509,8.82693,9.30889,9.72696,9.71414,8.43906,7.89841,7.43179,6.8713,6.60716,6.24906,6.03517,
2.42127,3.10995,4.28595,5.31751,6.1368,6.92641,7.58955,8.22984,8.79439,9.26169,9.68834,9.98707,10.4064,10.7715,10.9826,11.2312,11.4598,11.6526,11.8698,12.0806,
2.94767,3.2261,4.39802,5.4021,6.22128,7.00993,7.64092,8.16876,8.59526,9.08786,9.42405,9.76724,10.139,10.4637,10.7621,11.0657,11.3298,11.5494,11.7537,11.9757,
3.47094,3.75255,4.48927,5.54569,6.44149,7.2018,7.80494,8.36291,8.92895,9.32077,9.68762,10.1362,10.4259,10.739,10.994,11.2997,11.6007,11.8294,12.0719,12.238,
