0.0096751,0.0191698,0.0077551,0.0153958,0.0017951,0.00368086,0.0058951,0.0117398,0.0027951,0.00564646,0.0015751,0.00324843,0.0078351,0.0155531,0.0095951,0.0190125,0.0029351,0.00592164,0.0096551,0.0191305,0.000795101,0.00171526,0.0027151,0.00548921,0.0049751,0.00993147,0.0076351,0.0151822,0.0097951,0.0194279,0.0066951,0.0133123,0.0087751,0.0174007,0.0028151,0.00568577,0.0016751,0.00344499,0.0090751,0.0179904,0.0067951,0.0135089,0.0017751,0.00364155,0.0056551,0.0112681,0.0085951,0.0170469,0.0030351,0.0061182,0.0045951,0.00918454,0.00106925,0.00225413,0.0097551,0.019327,0.0020151,0.00411329,0.00074925,0.00162514,
1.11535,3.29079,1.03538,3.05624,1.11239,3.28303,1.05817,3.12191,1.07319,3.16728,1.05259,3.10483,1.11068,3.27744,2.05819,6.38467,1.07157,3.16368,1.08366,3.19679,1.0939,3.22697,1.07997,3.18531,1.07368,3.16705,1.13037,3.3355,1.02976,3.03854,1.05515,3.11341,1.10138,3.24862,1.08389,3.19689,1.11462,3.2872,1.1293,3.33334,1.05406,3.10918,1.06126,3.1304,1.05723,3.11942,1.13149,3.33894,1.0541,3.10985,1.03868,3.06427,1.07796,3.18264,1.09549,3.23137,1.07377,3.17012,1.05254,3.10683,
2.13186,8.38684,3.19305,12.9378,3.15231,12.8089,2.15575,8.482,2.08568,8.20704,2.04597,8.05086,2.12833,8.37404,2.15592,8.48166,2.12682,8.36982,2.13559,8.40086,2.25116,8.8583,2.11217,8.30924,2.18727,8.60607,3.20055,12.9691,2.09157,8.22806,2.154,8.47425,3.09532,12.577,2.13595,8.40277,2.12758,8.36966,3.12698,12.677,2.08634,8.2103,2.14281,8.42979,2.11607,8.3246,2.14027,8.41884,2.13334,8.39271,3.20404,13.01,2.13571,8.40335,2.10731,8.28757,2.09011,8.22252,3.04865,12.3719,
2.21153,10.8798,2.14578,10.5577,2.23545,11.0026,2.24884,11.058,2.16402,10.645,3.14237,15.9185,2.18472,10.7452,2.15123,10.5838,3.18723,16.1516,2.06396,10.1533,4.25136,21.8112,2.2554,11.0918,2.07264,10.1986,2.20076,10.828,2.24018,11.0168,2.31336,11.3753,2.22381,10.9378,2.14151,10.5335,2.24703,11.0507,2.19907,10.8193,3.07574,15.5754,2.16661,10.6579,2.12622,10.4592,3.21066,16.267,2.17001,10.6747,2.25334,11.0846,2.10241,10.3408,3.23391,16.3637,2.18063,10.7324,2.19847,10.812,
3.13523,19.0213,5.18946,32.2196,3.41363,20.6596,2.29231,13.5366,3.14167,19.0689,2.20419,13.0139,2.29579,13.5599,2.27497,13.4356,3.21294,19.4748,2.13209,12.5858,2.11306,12.4737,2.20199,13.0039,2.23225,13.1803,2.22225,13.1267,5.31035,32.9247,2.38781,14.1014,2.27912,13.4539,2.19625,12.9613,2.33151,13.7682,2.23817,13.2178,5.1468,31.9548,2.22849,13.1598,4.29554,26.3946,3.20802,19.48,3.25788,19.7574,2.1534,12.7146,3.35149,20.3019,3.16446,19.1919,5.14588,31.9615,2.16233,12.7718,
3.29812,23.3207,2.26398,15.5971,2.42643,16.7201,5.37993,38.8396,3.3622,23.7467,2.35374,16.2135,4.35237,31.1229,2.30615,15.8922,2.26569,15.6149,3.39603,23.3878,2.31973,15.9867,4.20536,30.1865,2.26069,15.5785,4.46061,31.929,3.33169,23.5555,3.47013,24.4852,2.28699,15.7559,2.33808,16.0984,3.34888,23.648,5.29667,38.2705,2.3231,16.0055,2.29556,15.8147,2.16108,14.8831,2.38531,16.4347,2.43938,16.8091,2.41864,16.6625,4.2348,30.3732,2.43002,16.7371,3.27751,23.1448,2.27401,15.6682,
3.47827,28.0649,3.45681,27.8748,3.50326,28.2451,2.36209,18.5985,6.40855,52.5673,2.45038,19.2971,2.4541,19.3189,2.43461,19.1729,2.17716,17.1564,2.46651,19.4249,4.43593,36.2246,3.41788,27.5641,3.22998,26.0855,2.41078,18.9916,2.36514,18.64,2.52947,19.9099,2.42656,19.1149,2.35726,18.5648,2.4229,19.0937,2.3869,18.8,2.418,19.0343,2.43296,19.1612,4.415,36.0668,2.39494,18.8611,2.38285,18.7637,5.43502,44.7235,3.30143,26.6373,3.38094,27.2605,2.49521,19.6531,4.38381,35.7957,
2.54837,22.5824,6.52619,60.7012,3.43366,31.1485,4.27721,39.3078,4.48727,41.1782,2.54544,22.5593,2.31051,20.472,2.26612,20.0777,3.26125,28.8789,2.46822,21.8646,2.41138,21.374,3.5736,32.3026,5.46308,50.5404,2.37864,21.0823,2.7022,23.9446,3.37717,30.6285,2.56502,22.7268,3.42787,31.0367,5.39692,49.9734,2.34489,20.7724,3.45705,31.3373,4.32689,39.7537,3.58621,32.5091,4.48546,41.1711,2.46176,21.8117,3.39527,30.7295,3.49705,31.6925,4.44418,40.7874,2.55615,22.6531,2.29761,20.3705,
0.0057951,0.0115433,0.0097151,0.0192484,0.0046351,0.00926316,0.0016951,0.0034843,0.0047751,0.00953835,0.0085951,0.0170469,0.0099151,0.0196638,0.0027751,0.00560715,0.0099151,0.0196415,0.0026751,0.00541059,0.0066751,0.013273,0.0029751,0.00602249,0.0048151,0.00961697,0.0077151,0.0153394,0.0097951,0.0194057,0.0037751,0.00757275,0.0058151,0.0115826,0.0066151,0.0131551,0.0037751,0.00757275,0.0076351,0.01516,0.0046551,0.00930248,0.0088951,0.0176366,0.0049351,0.00985284,0.0076551,0.0151993,0.0059951,0.0119364,0.0076351,0.01516,0.0077751,0.0154351,0.00086925,0.00186101,0.0070351,0.0139806,0.0066151,0.0131551,
2.12316,6.57512,1.11133,3.27878,1.07733,3.17767,1.03819,3.06452,1.09587,3.23293,1.06791,3.15044,1.04093,3.0716,1.01578,2.9981,1.08234,3.19313,1.04202,3.07473,2.02607,6.28959,1.04828,3.09269,1.08155,3.19126,2.04972,6.35923,1.09591,3.23405,1.02982,3.03955,1.09846,3.24171,1.10119,3.24802,1.03219,3.04525,1.08511,3.20302,1.04403,3.07959,2.02513,6.28746,1.07942,3.18369,1.0244,3.02257,1.0542,3.10922,1.06629,3.14671,1.03985,3.06901,1.04025,3.06962,1.13032,3.33492,1.1114,3.27927,
6.14573,25.7383,2.23931,8.80792,2.09622,8.24652,2.22266,8.74383,2.13002,8.37976,2.08081,8.1854,2.17292,8.549,4.12355,17.033,2.10241,8.269,2.08847,8.21381,2.17445,8.55605,2.11173,8.3041,2.04659,8.04797,2.15942,8.49451,2.21807,8.72506,3.20256,12.9715,3.20535,12.9848,2.05929,8.10173,2.11505,8.32422,2.09873,8.25431,2.18253,8.58637,2.10715,8.29057,3.20712,13.0222,2.03857,8.02043,2.08298,8.19394,2.1655,8.51914,2.25369,8.86649,2.07051,8.1469,2.05218,8.07706,2.10855,8.29418,
3.06391,15.5123,2.1904,10.7769,3.21286,16.2541,3.13073,15.8419,3.26629,16.51,2.16579,10.6548,3.12564,15.8233,2.25754,11.1042,2.16093,10.6352,2.2075,10.8617,3.24359,16.4335,3.20142,15.7404,3.21493,16.2593,2.17277,10.6873,3.11357,15.7663,2.23506,10.9953,3.12066,15.8271,2.10078,10.3329,2.12344,10.4431,2.05946,10.1285,2.24193,11.027,3.10719,15.7521,3.09793,15.6785,2.1594,10.6233,2.25846,11.1122,5.16006,26.7798,2.22608,10.9504,2.10674,10.3694,2.14788,10.5685,2.17406,10.6917,
2.33155,13.7661,2.15233,12.7112,4.1347,25.46,3.1983,19.4303,2.25636,13.3212,3.1391,19.0514,2.13073,12.5778,2.20723,13.0294,2.12484,12.5409,5.27494,32.6863,3.36951,20.4429,2.24059,13.2284,2.27593,13.432,2.25854,13.336,2.16385,12.7714,3.23759,19.6241,2.32935,13.7508,2.23815,13.216,3.30323,20.0217,2.32857,13.7424,2.11532,12.4933,3.38622,20.5061,2.09509,12.3676,3.15282,19.1363,3.22797,19.6003,3.27227,19.8415,2.28417,13.4879,2.17681,12.8514,3.20063,19.4108,2.14977,12.6907,
3.27898,23.1849,3.36901,23.7771,3.27193,23.124,3.18921,22.5654,4.45146,31.8703,3.44131,24.3199,2.30165,15.8554,4.12641,29.0037,5.1862,37.5519,2.27505,15.6713,2.23886,15.4186,2.27185,15.6536,3.18929,22.5594,4.22271,30.3158,2.22013,15.3014,3.23096,22.8238,3.21244,22.7125,3.42186,24.1464,2.30179,15.86,2.30295,15.8649,2.32475,16.0112,2.30287,15.8641,3.38476,23.901,2.34918,16.1809,4.36798,30.6635,2.39096,16.4658,3.35581,23.6951,2.26335,15.5939,2.30383,15.8708,2.29111,15.7838,
5.3869,44.3706,2.33674,18.3935,2.25516,17.751,3.40419,27.4569,3.32447,26.8636,2.37178,18.6806,3.37889,27.2859,2.40054,18.9026,3.45648,27.8698,3.41113,27.5109,3.51508,28.3356,2.41982,19.0462,3.48873,28.1546,3.36942,27.1954,4.53179,36.9848,2.40968,18.9861,2.24669,17.6892,2.22897,17.5463,3.42137,27.5884,4.50866,36.7947,3.45392,27.8404,3.32522,26.8339,2.36154,18.5965,5.33971,43.9928,3.23976,26.1573,4.3417,35.4558,2.39207,18.8353,3.30985,26.7214,2.30336,18.1428,2.34156,18.4414,
3.31961,30.1272,4.52954,41.5565,2.67986,23.7602,5.54753,51.3067,2.48348,22.0093,3.3907,30.7684,3.5167,31.8676,3.52211,31.9019,3.62496,32.8098,3.41766,31.0011,2.4946,22.1082,2.40792,21.3438,2.40423,21.3002,2.45163,21.719,2.2862,20.2604,2.53192,22.4461,2.37682,21.0577,3.59769,32.5807,3.67944,33.3173,5.69968,52.6837,2.57544,22.8089,4.44943,40.8675,3.40271,30.8611,2.46093,21.7966,3.37862,30.6554,2.5242,22.3776,3.26783,29.613,3.49661,31.6976,2.43266,21.5647,4.20341,37.9445,
