0.00470382,0.0300496,0.0102238,0.0625999,0.0101038,0.0618923,0.00564382,0.0355926,0.00664382,0.0414894,0.00932382,0.0573436,0.0122038,0.0743264,0.00972382,0.0596515,0.0118838,0.0723886,0.0128038,0.0779153,0.0101038,0.0618923,0.0109438,0.0668456,0.0130838,0.0794648,0.00428382,0.0275729,0.00538382,0.0340594,0.00431982,0.0278361,0.010436,0.0639022,0.00404382,0.0261577,0.00490382,0.0312289,0.0111038,0.0677891,0.0119838,0.0730291,0.00742382,0.0460889,0.00816382,0.0504525,0.00670382,0.0418432,0.00412382,0.0266294,0.00874382,0.0539235,0.00842297,0.0520315,0.00703982,0.0438753,0.00918382,0.0564673,0.00764782,0.0476905,
1.02815,9.98475,0.0107753,0.103113,0.0160921,0.15418,1.38685,12.4473,0.0203998,0.189593,2.9693,28.8137,0.0135059,0.128249,1.70235,16.5343,0.636427,6.172,15.1053,135.288,0.63025,5.65745,0.0347444,0.316738,1.62543,15.7629,3.05938,29.699,0.0199181,0.189535,0.0242602,0.232701,2.08736,18.5869,1.62957,15.8258,0.397714,3.86148,1.03899,9.40725,2.45915,23.6213,1.00818,9.76783,0.0174755,0.163656,2.22981,21.6542,0.0648278,0.584437,1.66117,16.1267,0.0597188,0.540686,3.08584,27.5434,1.82321,17.6256,0.504341,4.52052,
20,255.585,20,255.585,0.264471,3.69516,6.44509,87.2135,2.02677,28.3348,20,255.584,0.753674,9.89118,0.584423,8.18803,0.682686,8.90192,2.5881,36.2064,0.247821,3.47557,0.0251342,0.33686,10.1396,130.84,1.25016,17.4903,0.641237,8.97015,1.64312,23.1191,0.140167,1.95489,5.62539,73.6497,1.14707,16.1006,0.0424654,0.578597,0.0443321,0.60979,3.68273,48.2808,1.10981,15.5259,5.01818,67.173,0.461453,6.46678,9.96515,128.873,0.0304171,0.422708,0.593243,8.15552,0.0596485,0.788026,0.0918112,1.21557,
4.15417,86.828,0.110033,2.33092,2.10888,47.237,4.10026,88.4618,0.0386774,0.857138,0.0490656,1.09263,2.29217,47.4225,1.7456,39.3263,2.60975,58.6464,0.547188,12.2962,1.64911,37.0357,1.63949,36.8255,4.51708,99.4793,0.0282726,0.635918,0.0572339,1.27889,20,412.92,1.24937,28.0868,0.0553484,1.18763,2.46135,51.4585,5.17447,106.925,1.04692,23.4966,1.22431,27.4875,2.25734,50.7747,5.36907,117.176,20,412.944,2.80513,63.0382,1.05956,23.8136,0.653045,14.642,2.1779,48.4255,0.053824,1.19096,
0.928269,29.4229,3.11692,99.3167,11.2456,367.455,2.66223,88.0091,1.44463,47.8279,1.83542,60.6498,7.32554,237.548,2.60019,85.8044,0.933355,28.8769,2.57007,80.4559,3.97779,127.86,4.63678,149.909,1.69173,55.9511,3.09018,95.6443,1.61476,53.3601,2.56467,81.4071,0.114535,3.62703,3.26828,104.861,3.31837,109.833,2.67441,87.7361,6.75532,209.435,3.07721,101.915,1.26082,41.6652,4.96064,163.442,8.105,255.115,4.10066,133.49,20,617.042,2.10382,69.1282,6.20283,201.106,3.83982,127.052,
2.77968,119.877,3.52407,155.262,14.1416,608.302,20,852.221,7.00054,300.955,6.21845,282.96,0.638895,29.1408,12.2992,545.654,1.28104,55.6886,4.18385,179.489,15.8111,705.349,20,854.55,9.51595,424.351,5.66523,251.012,4.95844,220.251,0.403921,18.4618,0.67158,30.4199,3.80066,174.055,5.73587,259.514,12.4158,554.572,3.81427,170.107,3.52206,161.251,5.31565,233.281,1.65911,75.8494,4.26541,195.157,0.0509405,2.32518,1.90926,85.8244,1.9344,87.4119,4.9721,214.442,1.15529,52.4625,
20,1162.26,2.33219,143.124,3.01179,175.093,6.10216,354.085,8.55106,514.091,0.151049,9.21971,2.3693,146.349,1.31512,80.772,6.22554,378.675,3.10894,187.921,5.24054,316.887,20,1152.17,2.68936,164.262,4.05665,235.757,6.5011,376.024,20,1157.7,0.339046,20.0409,12.6435,747.061,7.07168,427.165,7.81282,471.062,20,1149.17,4.2308,246.888,7.31497,449.526,9.0111,544.934,7.22,439.798,7.31329,426.79,8.63378,527.482,4.19705,251.573,8.29824,504.476,11.1989,674.812,
20,1487.81,0.83526,66.0761,14.0237,1066.1,7.65467,601.461,1.91093,142.678,10.4441,810.242,12.7606,974.118,9.24616,715.563,15.9618,1206.24,20,1495.96,7.6859,595.775,3.25543,253.995,4.84363,360.675,20,1487.42,5.48844,411.015,11.1976,835.262,6.73495,523.439,18.6826,1392.36,12.4689,945.37,5.77928,432.195,16.2005,1224.36,5.79898,448.085,5.21858,390.906,9.60725,748.737,20,1493.57,5.2404,400.312,3.42115,259.859,4.27398,317.389,10.657,805.828,4.51957,343.383,
0.00211282,0.0128612,
0.00695282,0.0414017,
0.00899282,0.0534312,
